1	1	1	1
2	2	1	2
3	3	2	1
5	2	2	3
6	5	3	1
7	6	3	2
8	2	3	3
10	8	4	2
11	9	5	1
12	10	5	2
13	11	6	1
14	12	6	2
15	13	6	3
16	14	7	1
17	15	8	1
18	16	8	2
19	17	9	1
20	18	9	2
21	19	10	1
22	2	10	2
23	20	11	1
24	13	11	2
25	21	12	1
26	22	12	2
27	23	12	3
28	24	12	4
29	25	12	5
30	26	13	1
31	27	14	1
32	2	14	2
33	28	15	1
34	10	15	2
35	29	16	1
36	30	16	2
37	31	16	3
38	32	16	4
39	33	17	1
40	34	17	2
41	35	17	3
42	36	18	1
43	37	18	2
44	38	18	3
45	39	18	4
46	40	19	1
47	41	20	1
48	42	20	2
49	2	20	3
50	43	21	1
51	44	21	2
52	45	21	3
53	46	22	1
54	47	22	2
55	48	23	1
56	28	23	2
57	49	24	1
58	50	24	2
59	51	25	1
60	52	25	2
61	19	26	1
62	2	26	2
63	53	27	1
64	8	27	2
65	54	28	1
66	50	28	2
67	55	29	1
68	56	29	2
69	57	29	3
70	58	30	1
71	50	30	2
72	59	31	1
73	60	31	2
74	61	32	1
75	10	32	2
76	62	33	1
77	50	33	2
78	63	34	1
79	6	34	2
80	64	35	1
81	50	35	2
82	65	36	1
83	6	36	2
84	66	37	1
85	67	37	2
86	2	37	3
87	68	38	1
88	69	38	2
89	70	38	3
90	71	39	1
91	18	39	2
92	72	40	1
93	73	40	2
94	74	40	3
95	75	40	4
96	76	41	1
97	77	41	2
98	24	41	3
99	9	42	1
100	10	42	2
101	78	43	1
102	79	43	2
103	80	43	3
104	81	44	1
105	10	44	2
106	82	45	1
107	83	45	2
108	84	46	1
109	50	46	2
110	85	47	1
111	86	47	2
112	67	48	1
113	24	48	2
114	87	49	1
115	88	49	2
116	89	50	1
117	90	50	2
118	13	50	3
119	91	51	1
120	8	51	2
121	10	51	3
122	92	52	1
123	50	52	2
124	19	53	1
125	2	53	2
126	93	54	1
127	94	54	2
128	49	54	3
129	50	54	4
130	95	55	1
131	54	55	2
132	50	55	3
133	96	56	1
134	18	56	2
135	97	57	1
136	98	57	2
137	99	58	1
138	83	58	2
139	100	59	1
140	101	59	2
141	102	59	3
142	103	59	4
143	104	60	1
144	83	60	2
145	105	61	1
146	106	61	2
147	107	62	1
148	108	62	2
149	109	62	3
150	110	62	4
151	111	62	5
152	112	63	1
153	50	63	2
154	113	64	1
155	83	64	2
156	114	65	1
157	50	65	2
158	115	66	1
159	64	66	2
160	50	66	3
161	68	67	1
162	116	67	2
163	117	67	3
164	106	68	3
165	118	68	2
166	119	68	1
167	120	69	1
168	50	69	2
169	121	70	1
170	119	70	2
171	122	70	3
172	123	71	1
173	47	71	2
174	119	71	3
175	124	71	4
176	125	72	1
177	119	72	2
178	123	72	3
179	126	73	1
180	127	73	2
181	128	73	3
182	129	74	1
183	130	75	1
184	131	75	2
185	132	76	1
186	133	76	2
187	134	76	3
188	135	77	1
189	136	77	2
190	56	77	3
191	57	77	4
192	137	78	1
193	138	78	2
194	139	79	1
195	10	79	2
196	140	80	1
197	141	80	2
198	56	81	1
199	142	81	2
200	143	81	3
201	57	81	4
202	144	81	5
203	145	82	1
204	128	82	2
205	118	83	1
206	106	83	2
207	6	83	3
208	119	83	4
209	146	84	1
210	147	84	2
211	148	84	3
212	10	84	4
213	149	85	1
214	6	85	2
215	119	85	3
216	150	86	1
217	83	86	2
218	118	87	1
219	119	87	2
220	6	87	3
221	151	88	1
222	146	88	2
223	152	88	3
224	153	88	4
225	154	89	1
226	68	89	2
227	155	90	1
228	156	90	2
229	157	90	3
230	158	91	1
231	159	91	2
232	118	92	1
233	6	92	2
234	119	92	3
235	160	93	1
236	106	93	2
237	119	93	3
238	13	93	4
239	50	94	1
240	161	94	2
241	162	95	1
242	163	95	2
243	128	95	3
244	164	95	4
245	165	96	1
246	166	97	1
247	167	97	2
248	34	97	3
249	168	98	1
250	6	98	2
251	169	99	1
252	170	99	2
253	171	100	1
254	123	100	2
255	172	101	1
256	119	101	2
257	6	101	3
258	50	102	1
259	173	102	2
260	174	102	3
261	175	103	1
262	176	104	1
263	177	104	2
264	178	105	1
265	179	105	2
266	180	106	1
267	181	107	1
268	182	107	2
269	183	107	3
270	184	107	4
271	185	108	1
272	128	108	2
273	186	109	1
274	50	109	2
275	187	110	1
276	123	110	2
277	188	111	1
278	6	111	2
279	189	112	1
280	50	112	2
281	190	113	1
282	191	113	2
283	192	113	3
284	127	113	4
285	128	113	5
286	129	114	1
287	193	114	2
288	194	114	3
289	195	114	4
290	196	114	5
291	171	115	1
292	6	115	2
293	197	116	1
294	123	116	2
295	198	117	1
296	199	117	2
297	122	117	3
298	200	118	1
299	198	118	2
300	199	118	3
301	122	118	4
302	201	119	1
303	6	119	2
304	141	120	2
305	202	120	1
306	203	121	1
307	204	121	2
308	205	122	1
309	19	122	2
310	206	123	1
311	50	123	2
312	207	124	1
313	208	124	2
314	209	125	1
315	19	125	2
316	210	126	1
317	8	126	2
318	211	127	1
319	212	128	1
320	19	128	2
321	213	129	1
322	214	129	2
323	215	130	1
324	50	130	2
325	216	131	1
326	217	131	2
327	218	131	3
328	128	131	4
329	219	132	1
330	220	133	1
331	221	133	2
332	222	134	1
333	19	134	2
334	223	135	1
335	224	135	2
336	225	136	1
337	226	136	2
338	227	136	3
339	10	136	4
340	228	137	1
341	199	137	2
342	122	137	3
343	229	138	1
344	230	138	2
345	199	138	3
346	122	138	4
347	231	139	1
348	19	139	2
349	232	140	1
350	233	140	2
351	234	140	3
352	10	140	4
353	189	141	1
354	50	141	2
355	235	142	2
356	83	142	1
357	236	143	1
358	83	143	2
359	237	143	3
360	238	143	4
361	239	144	1
362	54	144	2
363	240	145	1
364	241	145	2
365	237	146	1
366	83	146	2
367	242	147	1
368	83	147	2
369	243	148	1
370	54	148	2
371	244	149	1
372	141	149	2
373	163	150	1
374	64	150	2
375	245	150	3
376	246	150	4
377	247	150	5
378	248	150	6
379	249	151	1
380	250	151	2
381	251	151	3
382	221	151	4
383	252	152	1
384	223	152	2
385	224	152	3
386	253	153	1
387	254	153	2
388	255	153	3
389	256	154	1
390	118	154	2
391	119	154	3
392	6	154	4
393	257	155	1
394	258	155	2
395	115	156	1
396	50	156	2
397	259	157	1
398	260	157	2
399	261	157	3
400	262	158	1
401	138	158	2
402	244	159	1
403	141	159	2
404	50	159	3
405	252	160	1
406	224	160	2
407	252	161	1
408	223	161	2
409	224	161	3
410	263	162	1
411	264	162	2
412	138	162	3
413	265	162	4
414	266	163	1
415	267	163	2
416	23	163	3
417	268	164	1
418	141	164	2
419	269	165	1
420	270	165	2
421	64	165	3
422	271	166	1
423	272	166	2
424	273	167	1
425	52	167	2
426	274	168	1
427	275	168	2
428	276	168	3
429	277	168	4
430	22	168	5
431	278	169	1
432	122	169	2
433	208	169	3
434	279	170	1
435	280	170	2
436	64	170	3
437	281	171	1
438	19	171	2
439	282	172	1
440	283	172	2
441	284	172	3
442	285	172	4
443	286	172	5
444	287	173	1
445	288	173	2
447	122	173	4
448	290	174	1
449	141	174	2
450	291	175	1
451	123	175	2
452	292	176	1
453	293	176	2
454	294	176	3
455	295	176	4
456	296	177	1
457	297	177	2
458	298	177	3
459	299	177	4
460	300	178	1
461	106	178	2
462	301	179	1
463	302	179	2
464	303	179	3
465	304	180	1
466	258	180	2
467	305	180	3
468	300	181	1
469	106	181	2
470	306	182	1
471	54	182	2
472	50	182	3
473	307	183	1
474	308	183	2
475	309	184	1
476	310	184	2
477	311	184	3
478	312	185	1
479	313	185	2
480	23	185	3
481	314	186	1
482	303	186	2
483	315	187	1
484	316	187	2
485	317	187	3
486	318	187	4
487	300	188	1
488	106	188	2
489	319	189	1
490	320	189	2
491	321	190	1
492	322	190	2
493	52	190	3
494	323	190	4
495	324	190	5
496	325	190	6
497	326	191	1
498	327	191	2
499	328	191	3
500	329	192	1
501	50	192	2
502	330	193	1
503	331	193	2
504	332	194	1
505	333	194	2
506	334	194	3
507	335	194	4
508	336	194	5
509	337	194	6
510	338	195	1
511	339	195	2
512	340	195	3
513	274	195	4
514	341	196	1
515	258	196	2
516	342	196	3
517	343	196	4
518	344	196	5
519	345	197	1
520	346	197	2
521	347	197	3
522	348	198	1
523	349	198	2
524	350	198	3
525	351	199	1
526	258	199	2
527	352	199	3
528	353	199	4
529	354	199	5
530	355	200	1
531	356	200	2
532	357	200	3
533	358	200	4
536	359	202	1
537	258	202	2
538	360	202	3
539	361	202	4
540	258	203	2
541	362	203	3
542	363	204	1
543	19	204	2
544	364	205	1
545	128	205	2
546	365	206	1
547	366	206	2
548	19	206	4
549	367	207	1
550	368	207	2
551	304	207	3
552	369	208	1
553	370	208	2
554	371	208	3
555	372	208	4
556	373	209	1
557	374	209	2
558	372	210	1
559	369	210	2
560	370	210	3
561	371	210	4
562	375	211	1
563	19	211	2
564	376	212	1
565	106	212	2
566	118	212	3
567	377	213	1
568	378	213	2
569	258	213	3
570	352	213	4
571	379	214	1
572	122	214	2
573	380	215	1
574	381	215	2
575	382	215	3
576	23	215	4
577	54	216	1
578	244	216	2
579	383	216	3
580	50	216	4
583	384	218	1
584	385	218	2
585	386	219	1
586	387	219	2
587	388	219	3
588	389	219	4
589	390	220	1
590	244	220	2
591	54	220	3
592	50	220	4
593	391	221	1
594	244	221	2
595	392	221	3
596	393	221	4
597	111	221	5
598	394	222	1
599	395	222	2
600	396	222	3
601	397	222	4
602	398	222	5
603	399	223	1
604	141	223	2
605	400	224	1
606	311	224	2
607	258	225	1
608	354	225	2
609	54	226	1
610	244	226	2
611	401	226	3
612	50	226	4
613	304	227	1
614	402	228	1
615	403	228	2
616	404	228	3
617	405	228	4
618	406	228	5
619	407	228	6
620	408	229	1
621	395	229	2
622	409	229	3
623	410	229	4
624	411	230	1
625	395	230	2
626	412	230	3
627	413	231	1
628	354	231	2
629	258	231	3
630	414	232	1
631	322	232	2
632	52	232	3
633	415	232	4
634	416	232	5
635	417	233	1
636	418	233	2
637	419	234	1
638	201	234	2
639	420	236	1
640	421	236	2
641	422	237	1
642	423	237	2
643	424	238	1
644	425	238	2
645	426	238	3
646	422	239	1
647	427	239	2
648	428	240	1
649	429	240	2
650	430	240	3
651	431	240	4
652	432	240	5
653	433	240	6
654	434	241	1
655	54	241	2
656	435	242	1
657	436	242	2
658	216	242	3
659	437	242	4
660	438	242	5
661	128	242	6
662	439	243	1
663	440	243	2
664	441	243	3
665	442	243	4
666	443	243	5
667	128	243	6
668	128	150	7
670	444	90	4
671	445	90	5
672	446	203	1
673	447	206	3
674	89	269	\N
675	139	2213	\N
676	139	1572	\N
677	139	1571	\N
678	119	1103	\N
679	139	2209	\N
680	139	787	\N
681	139	2491	\N
682	139	1295	\N
683	107	3949	\N
684	259	3676	\N
685	139	1399	\N
686	139	2490	\N
687	258	1291	\N
688	139	2765	\N
689	139	3574	\N
690	190	1693	\N
691	321	3403	\N
692	321	1212	\N
693	321	426	\N
694	89	1815	\N
695	417	2829	\N
696	417	3025	\N
697	190	1916	\N
698	50	410	\N
699	119	2005	\N
700	321	378	\N
701	321	380	\N
702	384	3051	\N
703	107	3539	\N
704	119	1795	\N
705	107	3837	\N
706	384	3630	\N
707	53	1565	\N
708	89	2734	\N
709	258	3400	\N
710	428	994	\N
711	321	868	\N
712	419	3169	\N
713	28	3659	\N
714	119	2245	\N
715	139	1131	\N
716	139	3701	\N
717	376	1334	\N
718	384	3050	\N
719	419	322	\N
720	83	289	\N
721	21	3472	\N
722	321	1037	\N
723	115	3858	\N
724	107	2877	\N
725	64	3933	\N
726	107	2184	\N
727	296	2912	\N
728	43	2961	\N
729	43	2657	\N
730	107	2725	\N
731	28	968	\N
732	384	3925	\N
733	119	1097	\N
734	225	2488	\N
735	135	2371	\N
736	190	3212	\N
737	40	923	\N
738	129	749	\N
739	50	795	\N
740	376	2831	\N
741	321	2815	\N
742	56	1280	\N
743	56	1300	\N
744	50	1023	\N
745	229	2622	\N
746	119	1792	\N
747	43	2859	\N
748	119	1797	\N
749	259	3621	\N
750	89	2844	\N
751	376	2022	\N
752	258	2247	\N
753	118	2662	\N
754	258	2248	\N
755	83	317	\N
756	21	1172	\N
757	428	555	\N
758	258	1599	\N
759	258	1601	\N
760	321	479	\N
761	321	480	\N
762	321	676	\N
763	321	887	\N
764	321	891	\N
765	321	861	\N
766	321	865	\N
767	321	1929	\N
768	321	1947	\N
769	321	363	\N
770	321	366	\N
771	281	3571	\N
772	89	3376	\N
773	376	3110	\N
774	89	3854	\N
775	50	3759	\N
776	139	299	\N
777	158	1994	\N
778	321	565	\N
779	321	580	\N
780	315	3154	\N
781	56	1275	\N
782	56	1282	\N
783	55	807	\N
784	118	3218	\N
785	321	875	\N
786	321	884	\N
787	54	404	\N
788	54	349	\N
789	54	348	\N
790	54	353	\N
791	107	1228	\N
792	139	1767	\N
793	376	3732	\N
794	321	1934	\N
795	89	2556	\N
796	89	3658	\N
797	43	2962	\N
798	424	1761	\N
799	50	2946	\N
800	321	3497	\N
801	119	1289	\N
802	123	1136	\N
803	43	2033	\N
804	107	3972	\N
805	54	1107	\N
806	50	1110	\N
807	282	3301	\N
808	50	450	\N
809	83	2567	\N
810	107	3839	\N
811	83	3878	\N
812	228	2989	\N
813	384	3870	\N
814	50	3758	\N
815	50	3201	\N
816	89	3276	\N
817	89	2840	\N
818	89	3006	\N
819	89	2736	\N
820	89	3005	\N
821	83	1409	\N
822	40	2030	\N
823	119	1590	\N
824	119	1591	\N
825	107	2996	\N
826	43	3770	\N
827	376	2349	\N
828	107	3838	\N
829	139	1768	\N
830	376	1468	\N
831	43	2571	\N
832	43	3771	\N
833	376	1653	\N
834	107	3267	\N
835	89	3952	\N
836	119	3077	\N
837	119	2589	\N
838	376	3444	\N
839	258	3612	\N
840	321	422	\N
841	321	427	\N
842	321	421	\N
843	321	760	\N
844	321	493	\N
845	321	504	\N
846	54	3423	\N
847	28	3028	\N
848	139	2494	\N
849	107	3149	\N
850	139	2268	\N
851	107	3410	\N
852	107	3268	\N
853	229	3371	\N
854	229	2921	\N
855	28	390	\N
856	89	2740	\N
857	158	1257	\N
858	376	1810	\N
859	376	3431	\N
860	376	3648	\N
861	139	3700	\N
862	422	2486	\N
863	59	837	\N
864	119	941	\N
865	50	2104	\N
866	123	3679	\N
867	376	3726	\N
868	321	2169	\N
869	28	3855	\N
870	64	3544	\N
871	135	1893	\N
872	419	2901	\N
873	50	411	\N
874	50	1347	\N
875	321	1501	\N
876	83	3595	\N
877	237	2385	\N
878	242	2498	\N
879	83	2524	\N
880	43	1621	\N
881	43	1350	\N
882	89	3018	\N
883	123	1841	\N
884	50	1679	\N
885	189	1642	\N
886	321	673	\N
887	321	680	\N
888	321	886	\N
889	321	889	\N
890	259	3921	\N
891	258	3359	\N
892	123	1640	\N
893	83	304	\N
894	58	1125	\N
895	428	554	\N
896	384	3964	\N
897	384	3959	\N
898	43	1911	\N
899	40	924	\N
900	225	1988	\N
901	225	2042	\N
902	225	3572	\N
903	107	1384	\N
904	107	1834	\N
905	212	3420	\N
906	376	3904	\N
907	43	2655	\N
908	258	3898	\N
909	89	3653	\N
910	384	3052	\N
911	119	1630	\N
912	376	3445	\N
913	376	3179	\N
914	258	1596	\N
915	28	3916	\N
916	315	2468	\N
917	107	1227	\N
918	83	3670	\N
919	384	3922	\N
920	376	3728	\N
921	89	1976	\N
922	139	519	\N
923	139	702	\N
924	28	767	\N
925	28	2744	\N
926	28	3645	\N
927	422	1984	\N
928	274	3080	\N
929	321	3136	\N
930	169	3873	\N
931	384	3924	\N
932	129	3068	\N
933	129	3150	\N
934	129	3069	\N
935	50	2950	\N
936	68	742	\N
937	64	1680	\N
938	50	1750	\N
939	115	2650	\N
940	50	2757	\N
941	135	3195	\N
942	89	2473	\N
943	232	2508	\N
944	321	669	\N
945	321	681	\N
946	89	2195	\N
947	107	3542	\N
948	376	1871	\N
949	61	998	\N
950	258	3883	\N
951	48	1251	\N
952	28	1124	\N
953	48	1303	\N
954	28	1245	\N
955	428	1464	\N
956	419	2329	\N
957	376	1873	\N
958	376	3731	\N
959	376	1867	\N
960	20	704	\N
961	376	1469	\N
962	43	2656	\N
963	20	705	\N
964	20	703	\N
965	123	1641	\N
966	376	3908	\N
967	376	1661	\N
968	321	2988	\N
969	321	2719	\N
970	321	2973	\N
971	321	2718	\N
972	171	1587	\N
973	321	1192	\N
974	321	654	\N
975	321	658	\N
976	428	1320	\N
977	321	3516	\N
978	29	1081	\N
979	135	1672	\N
980	135	2271	\N
981	64	1904	\N
982	50	1970	\N
983	321	3222	\N
984	129	3066	\N
985	83	285	\N
986	123	979	\N
987	119	1096	\N
988	321	2818	\N
989	419	2051	\N
990	376	2076	\N
991	19	2795	\N
992	19	2796	\N
993	83	283	\N
994	61	556	\N
995	28	594	\N
996	54	2314	\N
997	268	3414	\N
998	28	682	\N
999	40	2231	\N
1000	119	2004	\N
1001	376	1481	\N
1002	43	2113	\N
1003	376	1807	\N
1004	376	1614	\N
1005	119	2786	\N
1006	258	3084	\N
1007	50	3948	\N
1008	107	2185	\N
1009	119	3332	\N
1010	89	3010	\N
1011	89	3102	\N
1012	212	3637	\N
1013	50	1906	\N
1014	54	3422	\N
1015	50	3464	\N
1016	422	2484	\N
1017	66	985	\N
1018	107	1833	\N
1019	376	2078	\N
1020	107	1310	\N
1021	40	3319	\N
1022	107	2465	\N
1023	107	2991	\N
1024	50	2948	\N
1025	376	2073	\N
1026	119	1796	\N
1027	50	3465	\N
1028	422	3532	\N
1029	107	3563	\N
1030	43	3130	\N
1031	422	3035	\N
1032	422	2759	\N
1033	422	3285	\N
1034	376	2079	\N
1035	40	2563	\N
1036	384	3960	\N
1037	384	3963	\N
1038	107	1748	\N
1039	428	462	\N
1040	258	1628	\N
1041	428	970	\N
1042	107	3408	\N
1043	19	1304	\N
1044	43	3674	\N
1045	258	3678	\N
1046	36	699	\N
1047	36	735	\N
1048	129	2514	\N
1049	59	2088	\N
1050	281	3981	\N
1051	20	1085	\N
1052	123	1135	\N
1053	119	1290	\N
1054	123	1839	\N
1055	119	710	\N
1056	50	1171	\N
1057	107	1746	\N
1058	119	1632	\N
1059	83	523	\N
1060	19	2259	\N
1061	19	2260	\N
1062	190	1353	\N
1063	19	2536	\N
1064	321	2679	\N
1065	28	3281	\N
1066	278	1148	\N
1067	28	2287	\N
1068	321	1127	\N
1069	321	1038	\N
1070	135	1675	\N
1071	107	1747	\N
1072	321	1504	\N
1073	321	1713	\N
1074	384	1993	\N
1075	321	3523	\N
1076	419	2904	\N
1077	321	877	\N
1078	321	2678	\N
1079	321	2410	\N
1080	321	400	\N
1081	321	1063	\N
1082	321	1068	\N
1083	321	3831	\N
1084	321	497	\N
1085	321	3517	\N
1086	376	3443	\N
1087	321	3227	\N
1088	321	859	\N
1089	321	1182	\N
1090	321	874	\N
1091	321	490	\N
1092	321	500	\N
1093	321	412	\N
1094	28	694	\N
1095	135	840	\N
1096	321	3503	\N
1097	321	3977	\N
1098	321	3795	\N
1099	321	2866	\N
1100	321	3134	\N
1101	321	3254	\N
1102	19	3628	\N
1103	321	3798	\N
1104	258	2249	\N
1105	321	3514	\N
1106	56	1421	\N
1107	321	2873	\N
1108	321	1734	\N
1109	258	3607	\N
1110	321	3821	\N
1111	321	3498	\N
1112	321	2398	\N
1113	321	1505	\N
1114	321	3803	\N
1115	28	2482	\N
1116	244	2646	\N
1117	50	2769	\N
1118	50	1902	\N
1119	64	1017	\N
1120	50	1073	\N
1121	50	2377	\N
1122	321	1199	\N
1123	28	3667	\N
1124	28	3119	\N
1125	321	2148	\N
1126	376	3187	\N
1127	321	3240	\N
1128	321	2400	\N
1129	321	2149	\N
1130	258	3477	\N
1131	446	3606	\N
1132	19	3354	\N
1133	376	3739	\N
1134	83	2520	\N
1135	321	2680	\N
1136	321	2981	\N
1137	83	3072	\N
1138	321	1365	\N
1139	61	999	\N
1140	321	1941	\N
1141	76	305	\N
1142	420	2781	\N
1143	315	2470	\N
1144	54	2890	\N
1145	54	2895	\N
1146	321	2396	\N
1147	321	890	\N
1148	321	896	\N
1149	56	939	\N
1150	321	655	\N
1151	321	3225	\N
1152	321	2703	\N
1153	321	576	\N
1154	321	3243	\N
1155	135	1015	\N
1156	28	3661	\N
1157	321	2704	\N
1158	321	3829	\N
1159	321	3817	\N
1160	28	2845	\N
1161	321	758	\N
1162	321	765	\N
1163	321	3266	\N
1164	321	2446	\N
1165	28	1444	\N
1166	321	2150	\N
1167	321	3228	\N
1168	281	3374	\N
1169	135	1892	\N
1170	135	729	\N
1171	135	648	\N
1172	341	3335	\N
1173	258	3345	\N
1174	321	2151	\N
1175	203	2251	\N
1176	321	2681	\N
1177	321	671	\N
1178	376	3735	\N
1179	376	3439	\N
1180	321	418	\N
1181	321	477	\N
1182	321	478	\N
1183	321	370	\N
1184	321	3231	\N
1185	72	993	\N
1186	315	2467	\N
1187	321	3501	\N
1188	376	2081	\N
1189	321	962	\N
1190	321	2682	\N
1191	229	2334	\N
1192	376	1860	\N
1193	321	2434	\N
1194	321	2435	\N
1195	83	2521	\N
1196	211	2767	\N
1197	211	2857	\N
1198	376	2924	\N
1199	376	2832	\N
1200	21	2953	\N
1201	258	3083	\N
1202	229	3175	\N
1203	229	3177	\N
1204	229	3632	\N
1205	229	3722	\N
1206	256	3494	\N
1207	236	2355	\N
1208	83	2522	\N
1209	213	3623	\N
1210	83	1782	\N
1211	83	2354	\N
1212	236	2518	\N
1213	83	1269	\N
1214	253	2236	\N
1215	28	2562	\N
1216	376	2627	\N
1217	56	965	\N
1218	56	1092	\N
1219	56	1425	\N
1220	50	359	\N
1221	89	1243	\N
1222	376	3730	\N
1223	28	591	\N
1224	56	1422	\N
1225	181	1568	\N
1226	321	1369	\N
1227	53	909	\N
1228	28	589	\N
1229	321	1041	\N
1230	321	1058	\N
1231	321	878	\N
1232	321	1044	\N
1233	321	1057	\N
1234	419	2024	\N
1235	321	3256	\N
1236	373	3327	\N
1237	419	3715	\N
1238	54	2322	\N
1239	54	2319	\N
1240	107	3937	\N
1241	89	2275	\N
1242	20	2506	\N
1243	83	608	\N
1244	119	1798	\N
1245	341	3600	\N
1246	54	2596	\N
1247	54	2597	\N
1248	89	2187	\N
1249	139	3040	\N
1250	135	3461	\N
1251	89	2265	\N
1252	229	3429	\N
1253	40	3320	\N
1254	376	2633	\N
1255	376	2936	\N
1256	43	2858	\N
1257	292	3398	\N
1258	321	2294	\N
1259	89	3383	\N
1260	49	1625	\N
1261	50	1634	\N
1262	83	2564	\N
1263	321	2967	\N
1264	321	1210	\N
1265	321	2827	\N
1266	321	1190	\N
1267	89	903	\N
1268	89	902	\N
1269	321	263	\N
1270	135	3452	\N
1271	240	3064	\N
1272	228	1965	\N
1273	89	2733	\N
1274	107	1230	\N
1275	54	2307	\N
1276	107	1229	\N
1277	64	3546	\N
1278	89	1238	\N
1279	19	3101	\N
1280	68	646	\N
1281	54	2886	\N
1282	321	1711	\N
1283	321	1536	\N
1284	119	527	\N
1285	376	3725	\N
1286	139	2210	\N
1287	139	2045	\N
1288	139	2214	\N
1289	28	3856	\N
1290	321	1193	\N
1291	135	1342	\N
1292	139	2766	\N
1293	139	3047	\N
1294	139	3299	\N
1295	139	3041	\N
1296	139	733	\N
1297	139	784	\N
1298	139	785	\N
1299	139	1991	\N
1300	139	2211	\N
1301	139	2212	\N
1302	139	1255	\N
1303	139	1396	\N
1304	139	1452	\N
1305	139	600	\N
1306	419	2327	\N
1307	139	393	\N
1308	321	2819	\N
1309	59	1306	\N
1310	83	2031	\N
1311	112	2576	\N
1312	190	2963	\N
1313	321	3142	\N
1314	28	2028	\N
1315	321	2442	\N
1316	321	2134	\N
1317	139	701	\N
1318	89	3014	\N
1319	417	2741	\N
1320	54	2316	\N
1321	54	2310	\N
1322	258	2528	\N
1323	107	1226	\N
1324	376	1479	\N
1325	376	1480	\N
1326	89	3550	\N
1327	281	3570	\N
1328	171	1416	\N
1329	171	1270	\N
1330	321	863	\N
1331	321	867	\N
1332	21	2043	\N
1333	139	826	\N
1334	139	917	\N
1335	40	2230	\N
1336	321	430	\N
1337	56	1420	\N
1338	118	1498	\N
1339	61	2574	\N
1340	61	1875	\N
1341	89	2188	\N
1342	3	1138	\N
1343	242	2661	\N
1344	242	2782	\N
1345	83	2828	\N
1346	135	1890	\N
1347	118	3486	\N
1348	118	3485	\N
1349	428	1463	\N
1350	419	2325	\N
1351	107	1968	\N
1352	321	764	\N
1353	321	1948	\N
1354	321	3239	\N
1355	321	1367	\N
1356	321	2411	\N
1357	321	3518	\N
1358	321	2142	\N
1359	321	873	\N
1360	321	2405	\N
1361	321	2176	\N
1362	321	1949	\N
1363	321	3820	\N
1364	188	3189	\N
1365	118	3217	\N
1366	118	3787	\N
1367	321	3234	\N
1368	321	2975	\N
1369	321	2127	\N
1370	321	3815	\N
1371	321	2406	\N
1372	321	881	\N
1373	321	1371	\N
1374	321	3133	\N
1375	321	1720	\N
1376	321	1736	\N
1377	118	3491	\N
1378	321	1730	\N
1379	321	3823	\N
1380	321	2683	\N
1381	321	2699	\N
1382	321	1528	\N
1383	321	3504	\N
1384	321	3252	\N
1385	321	1526	\N
1386	321	3505	\N
1387	321	1729	\N
1388	321	1925	\N
1389	321	2705	\N
1390	321	2706	\N
1391	321	1926	\N
1392	321	2707	\N
1393	422	1829	\N
1394	321	2125	\N
1395	321	1187	\N
1396	321	1062	\N
1397	321	2174	\N
1398	321	2976	\N
1399	28	593	\N
1400	21	3764	\N
1401	321	2412	\N
1402	89	2280	\N
1403	321	3978	\N
1404	321	3261	\N
1405	321	1933	\N
1406	321	2407	\N
1407	28	3280	\N
1408	321	1945	\N
1409	321	1950	\N
1410	321	1503	\N
1411	321	2413	\N
1412	321	1740	\N
1413	321	314	\N
1414	321	307	\N
1415	321	313	\N
1416	321	1208	\N
1417	321	1224	\N
1418	321	3241	\N
1419	321	2987	\N
1420	419	2328	\N
1421	28	2476	\N
1422	321	3832	\N
1423	321	577	\N
1424	321	578	\N
1425	321	660	\N
1426	321	2462	\N
1427	321	2120	\N
1428	43	3776	\N
1429	321	2448	\N
1430	107	3272	\N
1431	64	3003	\N
1432	56	1283	\N
1433	56	1419	\N
1434	118	3789	\N
1435	321	1951	\N
1436	321	2985	\N
1437	56	1301	\N
1438	422	3561	\N
1439	28	595	\N
1440	28	615	\N
1441	150	1574	\N
1442	83	1583	\N
1443	419	2057	\N
1444	321	3805	\N
1445	321	3836	\N
1446	321	2684	\N
1447	321	1942	\N
1448	321	1537	\N
1449	321	1184	\N
1450	158	2217	\N
1451	321	2414	\N
1452	321	2685	\N
1453	321	2141	\N
1454	321	2123	\N
1455	321	3810	\N
1456	321	3242	\N
1457	321	2395	\N
1458	321	2443	\N
1459	321	2686	\N
1460	321	1206	\N
1461	321	1045	\N
1462	321	3974	\N
1463	321	2666	\N
1464	321	1527	\N
1465	321	876	\N
1466	321	1061	\N
1467	321	372	\N
1468	321	2119	\N
1469	28	3026	\N
1470	321	2708	\N
1471	321	2709	\N
1472	321	2687	\N
1473	28	1616	\N
1474	321	2415	\N
1475	321	3262	\N
1476	321	1508	\N
1477	321	1204	\N
1478	321	2173	\N
1479	321	821	\N
1480	321	1542	\N
1481	89	1436	\N
1482	321	3226	\N
1483	321	1938	\N
1484	321	1507	\N
1485	321	2175	\N
1486	321	1040	\N
1487	43	2960	\N
1488	321	3506	\N
1489	321	3257	\N
1490	321	1541	\N
1491	321	433	\N
1492	321	2454	\N
1493	321	1733	\N
1494	321	1035	\N
1495	321	1066	\N
1496	321	1511	\N
1497	321	1513	\N
1498	321	1708	\N
1499	321	1805	\N
1500	321	1042	\N
1501	321	1051	\N
1502	321	1936	\N
1503	291	1651	\N
1504	321	1946	\N
1505	321	3260	\N
1506	321	1712	\N
1507	321	2399	\N
1508	321	2688	\N
1509	419	2323	\N
1510	76	2037	\N
1511	89	3275	\N
1512	419	1458	\N
1513	56	1274	\N
1514	135	1345	\N
1515	56	1418	\N
1516	321	1357	\N
1517	119	1285	\N
1518	19	535	\N
1519	19	534	\N
1520	417	3396	\N
1521	417	3647	\N
1522	417	3395	\N
1523	119	3688	\N
1524	139	300	\N
1525	56	931	\N
1526	321	2455	\N
1527	169	1775	\N
1528	169	1774	\N
1529	321	1194	\N
1530	321	1059	\N
1531	28	1561	\N
1532	130	1317	\N
1533	419	636	\N
1534	54	630	\N
1535	54	634	\N
1536	83	2241	\N
1537	40	2227	\N
1538	417	1552	\N
1539	118	1029	\N
1540	50	850	\N
1541	21	2653	\N
1542	376	3369	\N
1543	281	3651	\N
1544	274	3934	\N
1545	118	1033	\N
1546	107	3413	\N
1547	43	3673	\N
1548	258	3677	\N
1549	50	748	\N
1550	417	3131	\N
1551	321	2432	\N
1552	376	3905	\N
1553	36	698	\N
1554	36	736	\N
1555	417	2197	\N
1556	321	247	\N
1557	321	248	\N
1558	321	3406	\N
1559	321	3500	\N
1560	53	1082	\N
1561	376	3183	\N
1562	321	2810	\N
1563	43	3474	\N
1564	321	3138	\N
1565	422	1562	\N
1566	135	1895	\N
1567	301	3162	\N
1568	20	2224	\N
1569	321	2585	\N
1570	244	3940	\N
1571	50	3943	\N
1572	50	1681	\N
1573	119	3880	\N
1574	107	2464	\N
1575	107	1128	\N
1576	83	798	\N
1577	420	3592	\N
1578	89	2731	\N
1579	428	355	\N
1580	384	3304	\N
1581	83	812	\N
1582	89	510	\N
1583	19	3353	\N
1584	19	3100	\N
1585	258	3478	\N
1586	446	3609	\N
1587	56	801	\N
1588	107	3692	\N
1589	376	3947	\N
1590	419	2902	\N
1591	419	2053	\N
1592	129	2591	\N
1593	139	403	\N
1594	321	3818	\N
1595	321	3794	\N
1596	321	3363	\N
1597	321	3364	\N
1598	321	3362	\N
1599	135	2356	\N
1600	321	2144	\N
1601	321	2402	\N
1602	321	1377	\N
1603	321	1931	\N
1604	321	2416	\N
1605	20	3311	\N
1606	419	1849	\N
1607	321	2152	\N
1608	321	2869	\N
1609	376	1478	\N
1610	376	1331	\N
1611	376	2343	\N
1612	83	3671	\N
1613	376	3909	\N
1614	83	1268	\N
1615	376	2086	\N
1616	376	1612	\N
1617	376	3437	\N
1618	83	1406	\N
1619	321	1379	\N
1620	321	2178	\N
1621	321	333	\N
1622	321	2710	\N
1623	321	473	\N
1624	321	474	\N
1625	321	1050	\N
1626	321	1056	\N
1627	321	882	\N
1628	321	1924	\N
1629	321	2689	\N
1630	321	371	\N
1631	321	2807	\N
1632	321	1961	\N
1633	321	507	\N
1634	321	2665	\N
1635	321	2971	\N
1636	321	2409	\N
1637	321	486	\N
1638	321	499	\N
1639	258	3605	\N
1640	321	2690	\N
1641	321	506	\N
1642	321	417	\N
1643	321	429	\N
1644	321	431	\N
1645	321	278	\N
1646	321	419	\N
1647	321	3238	\N
1648	321	1726	\N
1649	321	416	\N
1650	321	434	\N
1651	321	423	\N
1652	321	2039	\N
1653	321	2390	\N
1654	321	3529	\N
1655	19	809	\N
1656	321	2417	\N
1657	169	3579	\N
1658	278	3447	\N
1659	225	3863	\N
1660	229	3111	\N
1661	321	566	\N
1662	321	579	\N
1663	321	1201	\N
1664	321	1372	\N
1665	419	1459	\N
1666	89	2559	\N
1667	229	3373	\N
1668	400	3588	\N
1669	119	526	\N
1670	119	611	\N
1671	40	3586	\N
1672	321	273	\N
1673	321	2436	\N
1674	321	2437	\N
1675	321	2433	\N
1676	107	3950	\N
1677	59	2637	\N
1678	83	3326	\N
1679	107	2995	\N
1680	376	2021	\N
1681	61	1876	\N
1682	61	2266	\N
1683	118	1500	\N
1684	119	1594	\N
1685	20	2505	\N
1686	107	2992	\N
1687	258	3086	\N
1688	321	287	\N
1689	369	3618	\N
1690	369	3886	\N
1691	19	2256	\N
1692	205	1843	\N
1693	19	2011	\N
1694	119	711	\N
1695	119	714	\N
1696	89	1075	\N
1697	321	2804	\N
1698	225	3298	\N
1699	28	2742	\N
1700	376	1874	\N
1701	281	3288	\N
1702	28	617	\N
1703	28	688	\N
1704	135	1671	\N
1705	21	3471	\N
1706	376	1862	\N
1707	376	3357	\N
1708	54	452	\N
1709	54	457	\N
1710	321	2870	\N
1711	123	1837	\N
1712	123	1840	\N
1713	229	3633	\N
1714	321	2577	\N
1715	89	2472	\N
1716	54	2892	\N
1717	54	2888	\N
1718	54	2896	\N
1719	376	2348	\N
1720	89	3103	\N
1721	312	3328	\N
1722	258	3093	\N
1723	118	3689	\N
1724	119	3704	\N
1725	89	3962	\N
1726	54	2598	\N
1727	54	2606	\N
1728	129	3876	\N
1729	135	1013	\N
1730	321	3826	\N
1731	321	2580	\N
1732	240	2510	\N
1733	278	975	\N
1734	365	3473	\N
1735	19	3627	\N
1736	135	845	\N
1737	19	3626	\N
1738	54	2889	\N
1739	43	853	\N
1740	28	2749	\N
1741	369	1803	\N
1742	321	1538	\N
1743	376	2925	\N
1744	119	2246	\N
1745	321	2864	\N
1746	135	744	\N
1747	135	3197	\N
1748	56	802	\N
1749	135	2364	\N
1750	20	3580	\N
1751	258	2543	\N
1752	258	1435	\N
1753	428	643	\N
1754	40	2228	\N
1755	321	1373	\N
1756	321	2452	\N
1757	19	3036	\N
1758	281	3097	\N
1759	19	3375	\N
1760	281	3392	\N
1761	19	2838	\N
1762	281	2853	\N
1763	281	3366	\N
1764	321	3229	\N
1765	376	2074	\N
1766	169	2220	\N
1767	419	2906	\N
1768	428	1462	\N
1769	291	1650	\N
1770	139	1438	\N
1771	139	915	\N
1772	139	918	\N
1773	139	1609	\N
1774	139	3702	\N
1775	139	2208	\N
1776	139	976	\N
1777	163	3761	\N
1778	139	825	\N
1779	139	977	\N
1780	139	3418	\N
1781	139	2764	\N
1782	139	3043	\N
1783	139	3046	\N
1784	139	3044	\N
1785	139	919	\N
1786	139	916	\N
1787	139	920	\N
1788	139	2489	\N
1789	139	2492	\N
1790	139	1297	\N
1791	139	439	\N
1792	139	3360	\N
1793	139	2267	\N
1794	139	722	\N
1795	139	783	\N
1796	139	786	\N
1797	135	1885	\N
1798	321	725	\N
1799	321	2979	\N
1800	321	3685	\N
1801	321	3245	\N
1802	419	2059	\N
1803	419	2054	\N
1804	419	2903	\N
1805	419	2064	\N
1806	28	3121	\N
1807	321	2449	\N
1808	83	2525	\N
1809	43	3919	\N
1810	419	354	\N
1811	419	458	\N
1812	258	3349	\N
1813	321	1535	\N
1814	43	3772	\N
1815	258	3611	\N
1816	54	2894	\N
1817	54	2599	\N
1818	321	1725	\N
1819	321	1932	\N
1820	321	1525	\N
1821	163	1348	\N
1822	56	609	\N
1823	376	2019	\N
1824	315	2726	\N
1825	28	391	\N
1826	181	1567	\N
1827	181	1759	\N
1828	321	3253	\N
1829	229	2918	\N
1830	321	3235	\N
1831	321	1195	\N
1832	321	1202	\N
1833	135	841	\N
1834	321	1196	\N
1835	321	2457	\N
1836	258	2541	\N
1837	422	3033	\N
1838	422	2483	\N
1839	422	2298	\N
1840	83	1267	\N
1841	355	3205	\N
1842	139	1765	\N
1843	321	3982	\N
1844	321	266	\N
1845	321	260	\N
1846	89	2276	\N
1847	419	2061	\N
1848	139	2763	\N
1849	419	2907	\N
1850	419	2554	\N
1851	135	1669	\N
1852	135	3743	\N
1853	135	3462	\N
1854	135	2642	\N
1855	135	2359	\N
1856	135	2373	\N
1857	135	2357	\N
1858	135	2360	\N
1859	135	2372	\N
1860	190	2964	\N
1861	190	2384	\N
1862	135	3458	\N
1863	400	2780	\N
1864	135	1819	\N
1865	135	1820	\N
1866	428	309	\N
1867	61	644	\N
1868	135	2362	\N
1869	64	1168	\N
1870	50	1234	\N
1871	419	2839	\N
1872	419	2897	\N
1873	419	2899	\N
1874	135	3457	\N
1875	135	2375	\N
1876	268	2539	\N
1877	61	1000	\N
1878	321	1743	\N
1879	321	1364	\N
1880	321	334	\N
1881	428	310	\N
1882	200	1884	\N
1883	129	1108	\N
1884	56	936	\N
1885	56	935	\N
1886	54	549	\N
1887	315	2469	\N
1888	321	2874	\N
1889	64	3274	\N
1890	329	3634	\N
1891	129	2515	\N
1892	258	1800	\N
1893	321	428	\N
1894	321	432	\N
1895	107	2878	\N
1896	54	408	\N
1897	28	3031	\N
1898	281	3980	\N
1899	83	1413	\N
1900	321	759	\N
1901	321	956	\N
1902	119	1098	\N
1903	321	754	\N
1904	258	3348	\N
1905	50	358	\N
1906	40	2776	\N
1907	376	2624	\N
1908	43	854	\N
1909	181	1760	\N
1910	225	3862	\N
1911	119	610	\N
1912	376	1470	\N
1913	43	2800	\N
1914	19	948	\N
1915	123	291	\N
1916	43	1686	\N
1917	123	292	\N
1918	424	1764	\N
1919	258	1602	\N
1920	50	2102	\N
1921	139	3157	\N
1922	139	2801	\N
1923	135	647	\N
1924	376	2344	\N
1925	89	2558	\N
1926	43	2799	\N
1927	186	2103	\N
1928	50	2250	\N
1929	321	1517	\N
1930	315	3002	\N
1931	186	2534	\N
1932	50	2378	\N
1933	50	849	\N
1934	301	3161	\N
1935	163	1492	\N
1936	281	3568	\N
1937	376	3105	\N
1938	419	3172	\N
1939	56	1112	\N
1940	321	892	\N
1941	321	893	\N
1942	158	2218	\N
1943	28	2747	\N
1944	369	3887	\N
1945	369	3888	\N
1946	40	1405	\N
1947	258	1597	\N
1948	28	908	\N
1949	428	326	\N
1950	291	1852	\N
1951	135	1897	\N
1952	365	2959	\N
1953	321	753	\N
1954	321	3515	\N
1955	321	3508	\N
1956	89	721	\N
1957	419	3425	\N
1958	321	3804	\N
1959	321	3927	\N
1960	321	3979	\N
1961	321	2711	\N
1962	321	585	\N
1963	28	514	\N
1964	188	1882	\N
1965	28	597	\N
1966	274	2787	\N
1967	135	3460	\N
1968	56	444	\N
1969	89	967	\N
1970	89	1079	\N
1971	7	329	\N
1972	428	552	\N
1973	321	1203	\N
1974	365	2958	\N
1975	419	2546	\N
1976	135	3456	\N
1977	28	596	\N
1978	274	3081	\N
1979	118	3492	\N
1980	321	2712	\N
1981	321	2418	\N
1982	321	2456	\N
1983	135	1894	\N
1984	135	3748	\N
1985	135	1488	\N
1986	274	2788	\N
1987	89	2189	\N
1988	135	1896	\N
1989	28	3665	\N
1990	28	3279	\N
1991	338	3156	\N
1992	274	3336	\N
1993	321	1378	\N
1994	236	1486	\N
1995	236	1666	\N
1996	236	1667	\N
1997	28	776	\N
1998	278	1005	\N
1999	135	1676	\N
2000	259	2533	\N
2001	259	2793	\N
2002	259	2532	\N
2003	135	1014	\N
2004	126	796	\N
2005	321	2408	\N
2006	135	2942	\N
2007	135	3193	\N
2008	135	1887	\N
2009	118	3484	\N
2010	135	2943	\N
2011	181	1758	\N
2012	135	1114	\N
2013	56	1158	\N
2014	56	1281	\N
2015	135	2361	\N
2016	274	3337	\N
2017	321	3511	\N
2018	278	1006	\N
2019	321	3519	\N
2020	123	286	\N
2021	135	1160	\N
2022	61	1146	\N
2023	321	3809	\N
2024	321	2153	\N
2025	28	3391	\N
2026	135	3451	\N
2027	135	328	\N
2028	190	1115	\N
2029	341	3881	\N
2030	40	3318	\N
2031	53	1987	\N
2032	376	2017	\N
2033	107	2466	\N
2034	64	1308	\N
2035	50	1311	\N
2036	274	3602	\N
2037	321	1380	\N
2038	21	3766	\N
2039	321	2677	\N
2040	163	750	\N
2041	43	1622	\N
2042	76	1745	\N
2043	321	2126	\N
2044	76	1744	\N
2045	155	2497	\N
2046	123	980	\N
2047	119	1095	\N
2048	123	983	\N
2049	119	1102	\N
2050	76	2183	\N
2051	43	1822	\N
2052	163	949	\N
2053	321	297	\N
2054	321	3793	\N
2055	321	3819	\N
2056	321	2419	\N
2057	321	2038	\N
2058	321	1719	\N
2059	321	1806	\N
2060	321	2966	\N
2061	321	2871	\N
2062	321	1707	\N
2063	321	1512	\N
2064	321	1514	\N
2065	321	3528	\N
2066	321	1185	\N
2067	321	1188	\N
2068	54	829	\N
2069	50	848	\N
2070	28	2481	\N
2071	355	3207	\N
2072	21	3208	\N
2073	135	3745	\N
2074	355	3204	\N
2075	135	1012	\N
2076	135	1340	\N
2077	321	2296	\N
2078	89	3277	\N
2079	126	927	\N
2080	376	3368	\N
2081	135	2374	\N
2082	89	3377	\N
2083	321	652	\N
2084	321	3801	\N
2085	321	723	\N
2086	321	484	\N
2087	321	563	\N
2088	321	496	\N
2089	321	3249	\N
2090	89	2475	\N
2091	321	3223	\N
2092	321	569	\N
2093	321	672	\N
2094	321	2420	\N
2095	321	2702	\N
2096	321	584	\N
2097	321	659	\N
2098	321	485	\N
2099	321	3251	\N
2100	321	3233	\N
2101	321	2986	\N
2102	321	1539	\N
2103	321	1709	\N
2104	321	856	\N
2105	321	897	\N
2106	139	3900	\N
2107	139	3573	\N
2108	139	2881	\N
2109	54	2893	\N
2110	373	3597	\N
2111	50	1024	\N
2112	376	2084	\N
2113	107	1070	\N
2114	107	1129	\N
2115	54	3421	\N
2116	244	3463	\N
2117	50	3576	\N
2118	139	3899	\N
2119	321	2421	\N
2120	376	1868	\N
2121	135	2370	\N
2122	135	2369	\N
2123	321	2814	\N
2124	123	1316	\N
2125	119	1431	\N
2126	54	2315	\N
2127	376	2077	\N
2128	190	3211	\N
2129	376	3944	\N
2130	225	2207	\N
2131	89	3655	\N
2132	321	2154	\N
2133	188	1880	\N
2134	258	3089	\N
2135	83	2240	\N
2136	83	2262	\N
2137	40	3639	\N
2138	139	3158	\N
2139	40	794	\N
2140	256	3397	\N
2141	89	282	\N
2142	89	2561	\N
2143	28	1299	\N
2144	19	3124	\N
2145	376	2072	\N
2146	93	2106	\N
2147	119	529	\N
2148	376	2549	\N
2149	384	3306	\N
2150	118	751	\N
2151	43	2032	\N
2152	43	1915	\N
2153	321	960	\N
2154	321	963	\N
2155	21	1027	\N
2156	321	2579	\N
2157	321	3929	\N
2158	240	2513	\N
2159	422	1564	\N
2160	89	3011	\N
2161	419	1644	\N
2162	419	1814	\N
2163	321	1441	\N
2164	321	2714	\N
2165	321	3140	\N
2166	89	1752	\N
2167	321	265	\N
2168	89	2279	\N
2169	321	264	\N
2170	321	2809	\N
2171	20	2507	\N
2172	89	3381	\N
2173	419	2062	\N
2174	89	3853	\N
2175	376	3186	\N
2176	321	258	\N
2177	321	259	\N
2178	321	3230	\N
2179	107	3939	\N
2180	50	2376	\N
2181	43	2115	\N
2182	43	2291	\N
2183	83	2239	\N
2184	376	3733	\N
2185	321	2422	\N
2186	321	755	\N
2187	321	880	\N
2188	321	898	\N
2189	321	670	\N
2190	321	1036	\N
2191	321	679	\N
2192	139	1570	\N
2193	139	3042	\N
2194	139	3045	\N
2195	321	1054	\N
2196	321	1047	\N
2197	20	3315	\N
2198	321	1358	\N
2199	56	933	\N
2200	118	1355	\N
2201	119	1433	\N
2202	258	3090	\N
2203	91	613	\N
2204	231	2621	\N
2205	139	2592	\N
2206	259	3967	\N
2207	376	1864	\N
2208	259	3961	\N
2209	169	2502	\N
2210	89	3379	\N
2211	376	2934	\N
2212	119	2300	\N
2213	150	1400	\N
2214	83	1414	\N
2215	376	3435	\N
2216	83	2523	\N
2217	135	3747	\N
2218	20	3312	\N
2219	139	1989	\N
2220	321	1699	\N
2221	321	3684	\N
2222	321	2133	\N
2223	321	3141	\N
2224	376	2929	\N
2225	364	3577	\N
2226	321	3263	\N
2227	376	1471	\N
2228	158	1997	\N
2229	384	3872	\N
2230	321	1728	\N
2231	135	1161	\N
2232	321	1937	\N
2233	119	1287	\N
2234	321	1944	\N
2235	321	1962	\N
2236	43	3394	\N
2237	43	3920	\N
2238	321	3816	\N
2239	321	2423	\N
2240	321	1927	\N
2241	321	1064	\N
2242	321	3531	\N
2243	321	3812	\N
2244	321	2424	\N
2245	321	3221	\N
2246	321	2978	\N
2247	321	3835	\N
2248	321	2578	\N
2249	321	3407	\N
2250	28	2850	\N
2251	321	3824	\N
2252	321	2713	\N
2253	50	1903	\N
2254	321	656	\N
2255	419	3170	\N
2256	28	2477	\N
2257	321	1223	\N
2258	135	817	\N
2259	54	2321	\N
2260	89	3851	\N
2261	315	3273	\N
2262	315	3416	\N
2263	135	1155	\N
2264	140	1387	\N
2265	281	3291	\N
2266	135	650	\N
2267	321	386	\N
2268	321	280	\N
2269	321	369	\N
2270	321	385	\N
2271	419	306	\N
2272	158	1995	\N
2273	321	2155	\N
2274	321	855	\N
2275	321	2156	\N
2276	321	2147	\N
2277	321	2404	\N
2278	321	2425	\N
2279	268	2789	\N
2280	54	2595	\N
2281	281	3289	\N
2282	104	1256	\N
2283	135	1162	\N
2284	135	1159	\N
2285	321	2715	\N
2286	135	1156	\N
2287	107	3895	\N
2288	135	1157	\N
2289	321	583	\N
2290	419	1646	\N
2291	19	344	\N
2292	56	937	\N
2293	300	1812	\N
2294	355	2951	\N
2295	135	1674	\N
2296	321	3827	\N
2297	321	2179	\N
2298	321	2445	\N
2299	54	2607	\N
2300	135	2365	\N
2301	419	295	\N
2302	28	766	\N
2303	61	296	\N
2304	274	3604	\N
2305	321	2129	\N
2306	321	2172	\N
2307	89	3955	\N
2308	376	2342	\N
2309	376	1861	\N
2310	376	2336	\N
2311	321	2459	\N
2312	107	3533	\N
2313	321	2130	\N
2314	321	2171	\N
2315	321	1943	\N
2316	321	3137	\N
2317	321	1716	\N
2318	321	1717	\N
2319	321	1197	\N
2320	321	2143	\N
2321	321	3135	\N
2322	321	2458	\N
2323	321	2168	\N
2324	321	1039	\N
2325	321	491	\N
2326	321	567	\N
2327	321	581	\N
2328	119	712	\N
2329	119	524	\N
2330	119	343	\N
2331	321	3791	\N
2332	428	1322	\N
2333	417	2015	\N
2334	417	3555	\N
2335	59	2939	\N
2336	56	1417	\N
2337	376	2341	\N
2338	91	2535	\N
2339	91	3352	\N
2340	72	831	\N
2341	376	2020	\N
2342	376	834	\N
2343	376	2339	\N
2344	89	3017	\N
2345	21	2955	\N
2346	258	3087	\N
2347	43	3672	\N
2348	376	2351	\N
2349	163	2652	\N
2350	64	2729	\N
2351	89	3548	\N
2352	419	3719	\N
2353	312	2784	\N
2354	83	1412	\N
2355	419	3168	\N
2356	258	3350	\N
2357	21	2954	\N
2358	258	3088	\N
2359	376	2352	\N
2360	163	2952	\N
2361	64	3004	\N
2362	258	2529	\N
2363	376	3442	\N
2364	89	3954	\N
2365	376	2337	\N
2366	376	1335	\N
2367	376	1865	\N
2368	36	827	\N
2369	376	1477	\N
2370	89	2190	\N
2371	43	1688	\N
2372	83	1410	\N
2373	28	904	\N
2374	48	911	\N
2375	222	1785	\N
2376	118	3786	\N
2377	118	3790	\N
2378	222	2002	\N
2379	19	2008	\N
2380	118	3481	\N
2381	188	3446	\N
2382	119	530	\N
2383	89	1977	\N
2384	19	2009	\N
2385	420	2235	\N
2386	19	2253	\N
2387	19	1850	\N
2388	231	2010	\N
2389	118	1031	\N
2390	118	3783	\N
2391	54	1139	\N
2392	21	3768	\N
2393	321	3507	\N
2394	135	1338	\N
2395	40	606	\N
2396	19	947	\N
2397	211	2570	\N
2398	355	2381	\N
2399	61	1003	\N
2400	424	1252	\N
2401	130	989	\N
2402	329	3198	\N
2403	50	3302	\N
2404	419	2331	\N
2405	3	737	\N
2406	129	3590	\N
2407	419	3717	\N
2408	419	3426	\N
2409	424	1569	\N
2410	118	1354	\N
2411	119	1427	\N
2412	76	1069	\N
2413	20	441	\N
2414	163	3763	\N
2415	119	3879	\N
2416	129	1777	\N
2417	135	969	\N
2418	135	842	\N
2419	258	1603	\N
2420	190	2552	\N
2421	89	3007	\N
2422	281	3293	\N
2423	281	3290	\N
2424	53	1250	\N
2425	28	683	\N
2426	28	774	\N
2427	40	3973	\N
2428	40	3582	\N
2429	321	3236	\N
2430	321	3361	\N
2431	119	1793	\N
2432	158	602	\N
2433	321	330	\N
2434	321	336	\N
2435	321	3642	\N
2436	89	3849	\N
2437	321	3524	\N
2438	369	3095	\N
2439	64	3543	\N
2440	419	3166	\N
2441	229	1652	\N
2442	376	3440	\N
2443	135	1670	\N
2444	384	3871	\N
2445	229	1855	\N
2446	321	957	\N
2447	28	2746	\N
2448	28	3646	\N
2449	229	1811	\N
2450	229	1853	\N
2451	229	2014	\N
2452	419	2905	\N
2453	291	3174	\N
2454	419	2611	\N
2455	419	2324	\N
2456	419	2058	\N
2457	200	3742	\N
2458	252	2500	\N
2459	135	815	\N
2460	229	2917	\N
2461	229	3910	\N
2462	229	2916	\N
2463	43	1691	\N
2464	258	1629	\N
2465	321	1502	\N
2466	321	1205	\N
2467	321	872	\N
2468	321	2157	\N
2469	419	2614	\N
2470	123	625	\N
2471	41	832	\N
2472	321	564	\N
2473	321	1307	\N
2474	321	677	\N
2475	321	2691	\N
2476	321	574	\N
2477	321	1928	\N
2478	321	387	\N
2479	321	1702	\N
2480	321	869	\N
2481	321	895	\N
2482	321	505	\N
2483	321	562	\N
2484	321	494	\N
2485	321	657	\N
2486	321	425	\N
2487	321	1200	\N
2488	321	571	\N
2489	28	3664	\N
2490	28	3556	\N
2491	376	3946	\N
2492	376	2931	\N
2493	50	1677	\N
2494	278	838	\N
2495	321	857	\N
2496	321	582	\N
2497	321	586	\N
2498	321	951	\N
2499	321	724	\N
2500	50	558	\N
2501	123	1133	\N
2502	118	1034	\N
2503	321	3928	\N
2504	321	3248	\N
2505	321	3800	\N
2506	321	2426	\N
2507	321	2806	\N
2508	321	2820	\N
2509	321	1370	\N
2510	321	2822	\N
2511	321	1738	\N
2512	321	761	\N
2513	321	1703	\N
2514	321	1506	\N
2515	321	1186	\N
2516	321	1209	\N
2517	321	2158	\N
2518	321	1049	\N
2519	321	1055	\N
2520	321	763	\N
2521	28	2751	\N
2522	321	483	\N
2523	321	331	\N
2524	321	362	\N
2525	321	367	\N
2526	321	667	\N
2527	321	3930	\N
2528	119	525	\N
2529	321	475	\N
2530	321	476	\N
2531	54	455	\N
2532	321	973	\N
2533	119	446	\N
2534	321	2041	\N
2535	321	2140	\N
2536	321	757	\N
2537	321	675	\N
2538	321	752	\N
2539	28	1556	\N
2540	28	515	\N
2541	321	1610	\N
2542	28	2750	\N
2543	321	2664	\N
2544	28	811	\N
2545	61	2938	\N
2546	376	1473	\N
2547	258	3401	\N
2548	85	1149	\N
2549	43	3475	\N
2550	258	3614	\N
2551	83	707	\N
2552	107	3409	\N
2553	258	3342	\N
2554	59	1004	\N
2555	190	1918	\N
2556	321	2159	\N
2557	321	2160	\N
2558	419	3714	\N
2559	135	3196	\N
2560	376	1872	\N
2561	376	2623	\N
2562	211	1401	\N
2563	119	1832	\N
2564	118	1836	\N
2565	321	2131	\N
2566	28	513	\N
2567	61	357	\N
2568	43	3393	\N
2569	376	1663	\N
2570	321	2293	\N
2571	89	3915	\N
2572	315	3844	\N
2573	89	3008	\N
2574	321	267	\N
2575	28	3388	\N
2576	376	2626	\N
2577	135	1898	\N
2578	242	3479	\N
2579	83	3594	\N
2580	107	3537	\N
2581	135	2640	\N
2582	135	2097	\N
2583	118	3488	\N
2584	158	1258	\N
2585	41	640	\N
2586	41	642	\N
2587	41	739	\N
2588	373	3596	\N
2589	200	1487	\N
2590	321	756	\N
2591	321	858	\N
2592	119	1790	\N
2593	107	3970	\N
2594	83	709	\N
2595	89	1106	\N
2596	89	1116	\N
2597	89	1240	\N
2598	135	1011	\N
2599	321	1737	\N
2600	135	1122	\N
2601	321	1939	\N
2602	321	2825	\N
2603	321	1530	\N
2604	321	2450	\N
2605	321	3641	\N
2606	321	2394	\N
2607	321	2146	\N
2608	292	2292	\N
2609	54	1456	\N
2610	321	1220	\N
2611	321	435	\N
2612	321	415	\N
2613	61	1002	\N
2614	321	368	\N
2615	321	384	\N
2616	321	374	\N
2617	321	389	\N
2618	321	1067	\N
2619	321	3983	\N
2620	118	3490	\N
2621	422	3034	\N
2622	50	246	\N
2623	28	772	\N
2624	321	2139	\N
2625	321	2692	\N
2626	321	3526	\N
2627	119	447	\N
2628	321	2693	\N
2629	321	3808	\N
2630	321	3814	\N
2631	321	3527	\N
2632	68	645	\N
2633	135	747	\N
2634	123	1637	\N
2635	171	1788	\N
2636	135	746	\N
2637	129	2516	\N
2638	321	1952	\N
2639	321	1722	\N
2640	135	1016	\N
2641	190	1496	\N
2642	28	3385	\N
2643	256	2965	\N
2644	50	3151	\N
2645	119	2785	\N
2646	43	2112	\N
2647	43	1913	\N
2648	376	1483	\N
2649	420	3071	\N
2650	64	1169	\N
2651	50	1235	\N
2652	259	3620	\N
2653	119	3598	\N
2654	229	3372	\N
2655	49	1007	\N
2656	50	1022	\N
2657	36	978	\N
2658	376	2932	\N
2659	21	3767	\N
2660	355	3206	\N
2661	321	2138	\N
2662	314	3191	\N
2663	56	1424	\N
2664	229	1854	\N
2665	171	1271	\N
2666	229	1857	\N
2667	56	1094	\N
2668	56	966	\N
2669	43	3777	\N
2670	54	456	\N
2671	19	1607	\N
2672	50	1451	\N
2673	321	3502	\N
2674	321	2700	\N
2675	321	3807	\N
2676	321	2447	\N
2677	321	1221	\N
2678	321	572	\N
2679	83	3126	\N
2680	28	3386	\N
2681	321	3246	\N
2682	400	3321	\N
2683	83	1090	\N
2684	321	262	\N
2685	135	1491	\N
2686	321	261	\N
2687	321	3510	\N
2688	321	2671	\N
2689	222	1784	\N
2690	321	1043	\N
2691	321	1052	\N
2692	321	1706	\N
2693	129	1778	\N
2694	21	2270	\N
2695	89	2277	\N
2696	118	3219	\N
2697	118	3493	\N
2698	321	2694	\N
2699	21	3690	\N
2700	321	2701	\N
2701	258	3340	\N
2702	428	324	\N
2703	155	1769	\N
2704	258	3884	\N
2705	40	442	\N
2706	89	2193	\N
2707	29	1393	\N
2708	321	1198	\N
2709	89	2274	\N
2710	376	2935	\N
2711	419	460	\N
2712	40	791	\N
2713	123	453	\N
2714	123	449	\N
2715	89	3553	\N
2716	150	1573	\N
2717	83	1585	\N
2718	150	1575	\N
2719	83	1581	\N
2720	419	551	\N
2721	419	639	\N
2722	321	2673	\N
2723	419	2330	\N
2724	419	3165	\N
2725	419	3424	\N
2726	83	1584	\N
2727	61	311	\N
2728	400	3065	\N
2729	428	1824	\N
2730	50	2648	\N
2731	419	1319	\N
2732	321	2427	\N
2733	85	1009	\N
2734	107	3897	\N
2735	321	360	\N
2736	321	338	\N
2737	321	364	\N
2738	321	373	\N
2739	321	383	\N
2740	321	312	\N
2741	321	388	\N
2742	107	3541	\N
2743	314	3669	\N
2744	300	2835	\N
2745	376	1443	\N
2746	21	3470	\N
2747	258	3610	\N
2748	83	443	\N
2749	40	1776	\N
2750	83	1582	\N
2751	229	3178	\N
2752	376	3737	\N
2753	83	618	\N
2754	268	3415	\N
2755	281	3296	\N
2756	321	3521	\N
2757	89	2738	\N
2758	321	3139	\N
2759	20	1998	\N
2760	40	2232	\N
2761	50	3941	\N
2762	54	2603	\N
2763	428	833	\N
2764	29	1392	\N
2765	135	1121	\N
2766	135	844	\N
2767	119	3330	\N
2768	321	820	\N
2769	163	1908	\N
2770	225	3958	\N
2771	422	2299	\N
2772	89	3009	\N
2773	229	2915	\N
2774	419	2616	\N
2775	83	290	\N
2776	225	3864	\N
2777	83	3917	\N
2778	315	3942	\N
2779	258	1604	\N
2780	40	2775	\N
2781	40	3125	\N
2782	36	1253	\N
2783	89	1549	\N
2784	43	1914	\N
2785	54	629	\N
2786	321	2816	\N
2787	231	1648	\N
2788	321	2295	\N
2789	321	332	\N
2790	54	2047	\N
2791	321	1360	\N
2792	321	2970	\N
2793	321	2118	\N
2794	321	2695	\N
2795	321	489	\N
2796	321	502	\N
2797	43	3675	\N
2798	21	3769	\N
2799	321	2817	\N
2800	28	770	\N
2801	123	546	\N
2802	83	3877	\N
2803	376	2335	\N
2804	242	2386	\N
2805	83	2519	\N
2806	321	503	\N
2807	419	2909	\N
2808	54	2318	\N
2809	54	2048	\N
2810	118	1923	\N
2811	40	3587	\N
2812	321	487	\N
2813	321	498	\N
2814	419	3171	\N
2815	54	2317	\N
2816	321	961	\N
2817	281	3914	\N
2818	83	2001	\N
2819	54	352	\N
2820	54	405	\N
2821	40	3584	\N
2822	300	3112	\N
2823	258	3341	\N
2824	321	2972	\N
2825	321	1715	\N
2826	321	1718	\N
2827	123	1137	\N
2828	119	1288	\N
2829	376	3108	\N
2830	123	981	\N
2831	119	1099	\N
2832	315	3842	\N
2833	321	3975	\N
2834	321	3797	\N
2835	321	2663	\N
2836	321	1065	\N
2837	321	1732	\N
2838	376	1613	\N
2839	119	1592	\N
2840	118	1497	\N
2841	54	1132	\N
2842	118	1176	\N
2843	422	1981	\N
2844	422	3562	\N
2845	326	3214	\N
2846	118	1175	\N
2847	118	1177	\N
2848	321	1213	\N
2849	281	3564	\N
2850	123	1638	\N
2851	107	2723	\N
2852	107	3146	\N
2853	89	1753	\N
2854	54	3698	\N
2855	244	3705	\N
2856	50	3706	\N
2857	19	719	\N
2858	20	2225	\N
2859	123	407	\N
2860	123	406	\N
2861	119	1429	\N
2862	119	2006	\N
2863	419	308	\N
2864	107	3694	\N
2865	321	2137	\N
2866	321	2161	\N
2867	321	819	\N
2868	66	987	\N
2869	56	1589	\N
2870	135	1154	\N
2871	419	2052	\N
2872	419	3652	\N
2873	19	1292	\N
2874	419	2066	\N
2875	428	1460	\N
2876	419	2555	\N
2877	50	3466	\N
2878	242	3480	\N
2879	321	1219	\N
2880	419	2617	\N
2881	419	2613	\N
2882	135	1673	\N
2883	139	3638	\N
2884	135	1886	\N
2885	135	1900	\N
2886	55	928	\N
2887	56	946	\N
2888	321	1520	\N
2889	135	727	\N
2890	321	1930	\N
2891	135	649	\N
2892	321	1731	\N
2893	321	1935	\N
2894	321	3237	\N
2895	321	3530	\N
2896	158	1772	\N
2897	321	2823	\N
2898	135	2093	\N
2899	135	1163	\N
2900	321	959	\N
2901	19	2254	\N
2902	169	2223	\N
2903	169	2303	\N
2904	169	2221	\N
2905	376	1142	\N
2906	321	3680	\N
2907	135	3453	\N
2908	135	3749	\N
2909	40	3585	\N
2910	384	2772	\N
2911	54	1318	\N
2912	419	2055	\N
2913	321	3265	\N
2914	321	2162	\N
2915	419	638	\N
2916	129	2000	\N
2917	292	3061	\N
2918	369	2531	\N
2919	369	2586	\N
2920	123	2883	\N
2921	291	2913	\N
2922	56	1588	\N
2923	89	1074	\N
2924	89	901	\N
2925	64	2875	\N
2926	91	1104	\N
2927	89	2281	\N
2928	89	1972	\N
2929	281	3038	\N
2930	376	997	\N
2931	376	3356	\N
2932	89	3657	\N
2933	419	3167	\N
2934	56	1273	\N
2935	56	1093	\N
2936	56	810	\N
2937	341	3334	\N
2938	258	3339	\N
2939	321	2428	\N
2940	258	1605	\N
2941	89	3953	\N
2942	28	3903	\N
2943	28	3389	\N
2944	428	553	\N
2945	321	1953	\N
2946	321	1735	\N
2947	321	822	\N
2948	376	3434	\N
2949	54	2891	\N
2950	135	3192	\N
2951	91	718	\N
2952	135	1341	\N
2953	135	3459	\N
2954	89	2278	\N
2955	59	1448	\N
2956	158	1084	\N
2957	376	1482	\N
2958	28	3902	\N
2959	376	2632	\N
2960	376	1332	\N
2961	89	3847	\N
2962	20	922	\N
2963	28	1388	\N
2964	28	1119	\N
2965	89	2282	\N
2966	422	2588	\N
2967	419	2612	\N
2968	83	303	\N
2969	20	3313	\N
2970	321	2397	\N
2971	89	2474	\N
2972	28	773	\N
2973	28	518	\N
2974	135	1339	\N
2975	20	1261	\N
2976	321	492	\N
2977	28	512	\N
2978	135	467	\N
2979	135	728	\N
2980	228	1967	\N
2981	36	700	\N
2982	36	912	\N
2983	36	697	\N
2984	376	464	\N
2985	321	2696	\N
2986	321	2128	\N
2987	321	2180	\N
2988	321	2163	\N
2989	321	2974	\N
2990	376	2625	\N
2991	107	900	\N
2992	321	2697	\N
2993	376	2350	\N
2994	376	2797	\N
2995	376	1866	\N
2996	321	2982	\N
2997	321	2164	\N
2998	135	2941	\N
2999	135	1344	\N
3000	56	1423	\N
3001	53	614	\N
3002	321	2872	\N
3003	135	1010	\N
3004	135	1305	\N
3005	321	3405	\N
3006	321	2297	\N
3007	118	3965	\N
3008	292	3058	\N
3009	376	2830	\N
3010	40	2779	\N
3011	83	274	\N
3012	40	604	\N
3013	107	1130	\N
3014	321	1211	\N
3015	89	3380	\N
3016	341	3601	\N
3017	258	3615	\N
3018	89	1386	\N
3019	190	3649	\N
3020	89	3554	\N
3021	40	2229	\N
3022	419	2615	\N
3023	281	3913	\N
3024	61	1145	\N
3025	135	2099	\N
3026	135	471	\N
3027	135	540	\N
3028	229	2919	\N
3029	135	745	\N
3030	135	743	\N
3031	135	814	\N
3032	50	3760	\N
3033	321	3244	\N
3034	281	3569	\N
3035	212	3710	\N
3036	43	3476	\N
3037	400	3322	\N
3038	43	2540	\N
3039	139	1296	\N
3040	135	620	\N
3041	269	2727	\N
3042	64	2783	\N
3043	61	2635	\N
3044	139	3039	\N
3045	139	1398	\N
3046	139	402	\N
3047	139	301	\N
3048	321	3496	\N
3049	321	3365	\N
3050	321	1954	\N
3051	321	1741	\N
3052	321	1521	\N
3053	28	598	\N
3054	139	3699	\N
3055	321	2669	\N
3056	321	3682	\N
3057	158	346	\N
3058	158	440	\N
3059	321	3802	\N
3060	28	2480	\N
3061	89	1751	\N
3062	112	2547	\N
3063	139	288	\N
3064	89	2194	\N
3065	20	3062	\N
3066	321	2808	\N
3067	20	3316	\N
3068	419	637	\N
3069	321	879	\N
3070	321	883	\N
3071	139	1109	\N
3072	419	3173	\N
3073	321	3811	\N
3074	28	2200	\N
3075	140	1244	\N
3076	28	1389	\N
3077	28	3282	\N
3078	107	1231	\N
3079	163	651	\N
3080	28	3662	\N
3081	419	1846	\N
3082	321	2698	\N
3083	428	1324	\N
3084	28	516	\N
3085	28	537	\N
3086	89	3382	\N
3087	28	907	\N
3088	321	2984	\N
3089	376	2353	\N
3090	28	2479	\N
3091	321	3822	\N
3092	20	2504	\N
3093	28	320	\N
3094	274	3155	\N
3095	338	3338	\N
3096	274	3603	\N
3097	89	1548	\N
3098	89	1550	\N
3099	54	2602	\N
3100	321	2980	\N
3101	20	788	\N
3102	135	3750	\N
3103	321	3686	\N
3104	376	1476	\N
3105	321	2983	\N
3106	118	3482	\N
3107	118	3785	\N
3108	321	2451	\N
3109	321	2393	\N
3110	321	2968	\N
3111	376	3107	\N
3112	376	3906	\N
3113	376	3736	\N
3114	213	3890	\N
3115	213	3966	\N
3116	243	1845	\N
3117	54	1963	\N
3118	54	2308	\N
3119	64	1828	\N
3120	50	1835	\N
3121	115	2860	\N
3122	50	2880	\N
3123	50	2105	\N
3124	229	3176	\N
3125	281	3912	\N
3126	281	3861	\N
3127	59	3635	\N
3128	59	1126	\N
3129	59	1147	\N
3130	21	3935	\N
3131	135	468	\N
3132	135	470	\N
3133	376	1326	\N
3134	43	3773	\N
3135	314	3449	\N
3136	419	1302	\N
3137	419	992	\N
3138	274	3082	\N
3139	376	1328	\N
3140	376	3945	\N
3141	168	1174	\N
3142	422	2202	\N
3143	123	1826	\N
3144	422	3284	\N
3145	43	1821	\N
3146	89	3115	\N
3147	376	1809	\N
3148	41	1140	\N
3149	19	2794	\N
3150	119	397	\N
3151	119	445	\N
3152	292	3059	\N
3153	181	2205	\N
3154	118	2116	\N
3155	181	2204	\N
3156	135	1150	\N
3157	107	2301	\N
3158	424	1762	\N
3159	190	2660	\N
3160	376	1662	\N
3161	376	2548	\N
3162	158	1260	\N
3163	376	2930	\N
3164	321	3813	\N
3165	139	1254	\N
3166	118	3216	\N
3167	119	3331	\N
3168	139	394	\N
3169	315	3001	\N
3170	258	2634	\N
3171	257	2790	\N
3172	28	536	\N
3173	139	3575	\N
3174	139	451	\N
3175	321	2429	\N
3176	321	1366	\N
3177	28	3122	\N
3178	139	2493	\N
3179	139	1990	\N
3180	119	1426	\N
3181	163	3762	\N
3182	428	996	\N
3183	419	2326	\N
3184	321	1727	\N
3185	321	2165	\N
3186	428	1649	\N
3187	240	2511	\N
3188	321	3499	\N
3189	83	275	\N
3190	129	1999	\N
3191	56	932	\N
3192	56	1091	\N
3193	376	1329	\N
3194	19	2007	\N
3195	19	2013	\N
3196	56	1278	\N
3197	89	3024	\N
3198	315	3841	\N
3199	43	3774	\N
3200	376	2550	\N
3201	376	2630	\N
3202	89	3956	\N
3203	163	2107	\N
3204	64	2186	\N
3205	64	2730	\N
3206	119	3078	\N
3207	83	813	\N
3208	281	2760	\N
3209	321	2582	\N
3210	321	2865	\N
3211	321	3513	\N
3212	420	3325	\N
3213	229	3427	\N
3214	89	3019	\N
3215	89	3629	\N
3216	118	3703	\N
3217	28	3123	\N
3218	20	3317	\N
3219	20	3314	\N
3220	321	3683	\N
3221	28	3666	\N
3222	321	1179	\N
3223	281	3114	\N
3224	281	3643	\N
3225	135	1346	\N
3226	376	2018	\N
3227	135	1151	\N
3228	83	1783	\N
3229	376	3734	\N
3230	376	2016	\N
3231	107	2724	\N
3232	76	1544	\N
3233	107	3971	\N
3234	89	1076	\N
3235	139	1804	\N
3236	321	1368	\N
3237	139	395	\N
3238	369	1802	\N
3239	420	1781	\N
3240	419	2620	\N
3241	419	2619	\N
3242	28	3118	\N
3243	28	2478	\N
3244	28	3390	\N
3245	7	621	\N
3246	7	560	\N
3247	29	1394	\N
3248	29	695	\N
3249	29	778	\N
3250	244	2496	\N
3251	107	1969	\N
3252	376	3738	\N
3253	64	1749	\N
3254	225	3687	\N
3255	225	3865	\N
3256	365	2654	\N
3257	43	2111	\N
3258	321	3976	\N
3259	139	2545	\N
3260	291	1466	\N
3261	321	1540	\N
3262	321	1955	\N
3263	321	2122	\N
3264	321	1440	\N
3265	321	1383	\N
3266	321	1361	\N
3267	321	1359	\N
3268	107	2302	\N
3269	129	3323	\N
3270	365	2957	\N
3271	54	2320	\N
3272	83	539	\N
3273	384	3049	\N
3274	376	3724	\N
3275	139	3300	\N
3276	139	2882	\N
3277	422	1757	\N
3278	422	1391	\N
3279	28	1559	\N
3280	28	1557	\N
3281	54	2608	\N
3282	54	2885	\N
3283	54	1844	\N
3284	321	3220	\N
3285	321	1705	\N
3286	321	1180	\N
3287	321	575	\N
3288	321	2805	\N
3289	321	2668	\N
3290	321	2583	\N
3291	321	661	\N
3292	321	664	\N
3293	135	3128	\N
3294	83	1415	\N
3295	400	3589	\N
3296	229	2920	\N
3297	229	2914	\N
3298	424	1763	\N
3299	171	2003	\N
3300	229	2833	\N
3301	321	678	\N
3302	61	2937	\N
3303	61	2861	\N
3304	376	3729	\N
3305	376	3184	\N
3306	369	3619	\N
3307	21	3468	\N
3308	89	3015	\N
3309	321	2461	\N
3310	369	3617	\N
3311	213	3624	\N
3312	21	3469	\N
3313	321	2674	\N
3314	135	1489	\N
3315	369	2792	\N
3316	321	568	\N
3317	422	1563	\N
3318	40	790	\N
3319	321	1374	\N
3320	139	1439	\N
3321	321	2977	\N
3322	40	605	\N
3323	321	1207	\N
3324	321	420	\N
3325	321	424	\N
3326	419	2618	\N
3327	321	337	\N
3328	321	335	\N
3329	321	375	\N
3330	321	379	\N
3331	158	1770	\N
3332	321	281	\N
3333	321	1222	\N
3334	56	940	\N
3335	56	934	\N
3336	56	930	\N
3337	321	3232	\N
3338	321	3525	\N
3339	321	3250	\N
3340	28	339	\N
3341	188	1879	\N
3342	188	1881	\N
3343	59	465	\N
3344	50	1678	\N
3345	158	1578	\N
3346	419	1848	\N
3347	419	1645	\N
3348	419	1813	\N
3349	419	2050	\N
3350	419	1643	\N
3351	419	1847	\N
3352	419	1647	\N
3353	321	1363	\N
3354	135	3127	\N
3355	135	3744	\N
3356	83	1407	\N
3357	321	1704	\N
3358	107	3896	\N
3359	321	3264	\N
3360	107	3000	\N
3361	107	3270	\N
3362	253	2237	\N
3363	384	3056	\N
3364	321	279	\N
3365	321	2444	\N
3366	61	2636	\N
3367	321	2430	\N
3368	321	1532	\N
3369	321	2716	\N
3370	315	3840	\N
3371	36	914	\N
3372	28	3557	\N
3373	321	2166	\N
3374	28	1118	\N
3375	28	316	\N
3376	28	1558	\N
3377	54	2887	\N
3378	28	693	\N
3379	231	2068	\N
3380	28	517	\N
3381	175	1695	\N
3382	54	2600	\N
3383	107	2990	\N
3384	321	3512	\N
3385	321	1181	\N
3386	419	2065	\N
3387	89	3278	\N
3388	28	3029	\N
3389	28	3558	\N
3390	28	3120	\N
3391	54	2601	\N
3392	321	1827	\N
3393	321	1714	\N
3394	321	1710	\N
3395	54	548	\N
3396	53	1449	\N
3397	419	2908	\N
3398	118	1921	\N
3399	59	835	\N
3400	118	1697	\N
3401	118	1698	\N
3402	376	2080	\N
3403	376	3367	\N
3404	376	2087	\N
3405	376	3907	\N
3406	107	3695	\N
3407	83	342	\N
3408	314	3450	\N
3409	50	2947	\N
3410	53	1566	\N
3411	281	3292	\N
3412	428	1141	\N
3413	139	624	\N
3414	321	2181	\N
3415	321	1956	\N
3416	321	2581	\N
3417	321	1529	\N
3418	321	1524	\N
3419	422	3560	\N
3420	422	3859	\N
3421	422	3287	\N
3422	89	3021	\N
3423	422	3286	\N
3424	422	2758	\N
3425	321	570	\N
3426	321	1940	\N
3427	21	2110	\N
3428	21	2382	\N
3429	50	559	\N
3430	50	3756	\N
3431	83	448	\N
3432	419	461	\N
3433	376	3109	\N
3434	19	1293	\N
3435	19	1445	\N
3436	118	3215	\N
3437	119	3329	\N
3438	428	730	\N
3439	376	3106	\N
3440	40	2777	\N
3441	139	601	\N
3442	139	541	\N
3443	139	781	\N
3444	40	3874	\N
3445	89	2557	\N
3446	222	2526	\N
3447	321	2812	\N
3448	292	2573	\N
3449	419	3716	\N
3450	43	2114	\N
3451	64	3951	\N
3452	89	1242	\N
3453	220	3159	\N
3454	89	2843	\N
3455	321	2717	\N
3456	314	3190	\N
3457	54	2609	\N
3458	89	2025	\N
3459	53	910	\N
3460	309	3152	\N
3461	309	3153	\N
3462	321	1298	\N
3463	222	1787	\N
3464	198	1683	\N
3465	54	2306	\N
3466	54	2311	\N
3467	28	2745	\N
3468	229	1856	\N
3469	21	3765	\N
3470	139	1766	\N
3471	278	3448	\N
3472	369	2791	\N
3473	369	2587	\N
3474	28	1617	\N
3475	135	1888	\N
3476	135	2643	\N
3477	135	2363	\N
3478	135	2641	\N
3479	135	2358	\N
3480	321	2868	\N
3481	139	3419	\N
3482	419	2900	\N
3483	321	2670	\N
3484	139	1313	\N
3485	139	345	\N
3486	256	3495	\N
3487	190	1919	\N
3488	28	3387	\N
3489	40	1086	\N
3490	107	1225	\N
3491	107	1385	\N
3492	422	1986	\N
3493	41	740	\N
3494	89	3020	\N
3495	123	1838	\N
3496	376	1870	\N
3497	376	2631	\N
3498	169	3417	\N
3499	419	2332	\N
3500	107	3269	\N
3501	107	3412	\N
3502	83	1620	\N
3503	50	1635	\N
3504	321	1375	\N
3505	321	953	\N
3506	321	954	\N
3507	321	668	\N
3508	321	899	\N
3509	321	894	\N
3510	321	1215	\N
3511	321	2167	\N
3512	321	2803	\N
3513	321	3834	\N
3514	321	2821	\N
3515	321	501	\N
3516	321	488	\N
3517	321	2121	\N
3518	321	2811	\N
3519	321	561	\N
3520	321	1723	\N
3521	321	1376	\N
3522	321	885	\N
3523	321	888	\N
3524	321	495	\N
3525	321	952	\N
3526	321	2802	\N
3527	83	3073	\N
3528	56	1272	\N
3529	56	929	\N
3530	107	3538	\N
3531	321	3926	\N
3532	321	3799	\N
3533	321	3825	\N
3534	321	2824	\N
3535	129	851	\N
3536	50	926	\N
3537	258	1598	\N
3538	20	789	\N
3539	258	1825	\N
3540	258	1801	\N
3541	321	2438	\N
3542	321	2439	\N
3543	321	3520	\N
3544	89	3891	\N
3545	135	3746	\N
3546	139	734	\N
3547	139	782	\N
3548	54	3712	\N
3549	244	3755	\N
3550	50	3868	\N
3551	419	2056	\N
3552	321	2969	\N
3553	321	2431	\N
3554	253	2238	\N
3555	135	1891	\N
3556	135	2096	\N
3557	89	2739	\N
3558	139	298	\N
3559	59	2575	\N
3560	59	409	\N
3561	376	2551	\N
3562	376	2082	\N
3563	139	3048	\N
3564	89	2842	\N
3565	126	706	\N
3566	321	1060	\N
3567	321	1957	\N
3568	321	2124	\N
3569	321	2269	\N
3570	225	2762	\N
3571	321	3640	\N
3572	321	2826	\N
3573	258	3344	\N
3574	19	720	\N
3575	135	2098	\N
3576	40	3583	\N
3577	376	3180	\N
3578	376	2345	\N
3579	376	1657	\N
3580	376	1475	\N
3581	64	3547	\N
3582	376	3441	\N
3583	376	1658	\N
3584	376	1659	\N
3585	376	1336	\N
3586	376	2083	\N
3587	376	1474	\N
3588	376	1656	\N
3589	376	3181	\N
3590	28	1111	\N
3591	28	616	\N
3592	28	686	\N
3593	89	1080	\N
3594	83	1411	\N
3595	83	1447	\N
3596	40	1087	\N
3597	321	663	\N
3598	321	666	\N
3599	21	3691	\N
3600	21	3467	\N
3601	107	3938	\N
3602	29	2203	\N
3603	50	2949	\N
3604	321	1701	\N
3605	321	1724	\N
3606	300	2273	\N
3607	61	1665	\N
3608	139	319	\N
3609	107	3984	\N
3610	28	454	\N
3611	81	472	\N
3612	81	626	\N
3613	81	627	\N
3614	81	628	\N
3615	81	988	\N
3616	83	1071	\N
3617	83	1264	\N
3618	83	1265	\N
3619	63	1266	\N
3620	7	2544	\N
3621	83	2565	\N
3622	422	2201	\N
3623	36	913	\N
3624	89	3654	\N
3625	40	1404	\N
3626	40	1262	\N
3627	40	1403	\N
3628	43	1028	\N
3629	420	3593	\N
3630	281	2761	\N
3631	43	1352	\N
3632	21	1173	\N
3633	420	3070	\N
3634	89	1241	\N
3635	118	3788	\N
3636	119	1794	\N
3637	384	3054	\N
3638	190	1917	\N
3639	107	2997	\N
3640	89	3023	\N
3641	384	3869	\N
3642	417	1551	\N
3643	417	1754	\N
3644	83	3918	\N
3645	258	3092	\N
3646	321	1534	\N
3647	321	2136	\N
3648	376	2923	\N
3649	28	590	\N
3650	50	277	\N
3651	376	1472	\N
3652	66	828	\N
3653	49	839	\N
3654	50	847	\N
3655	61	1484	\N
3656	376	1611	\N
3657	135	557	\N
3658	19	2012	\N
3659	50	1905	\N
3660	281	3565	\N
3661	281	3297	\N
3662	28	3857	\N
3663	28	3030	\N
3664	28	3660	\N
3665	28	2754	\N
3666	28	2029	\N
3667	28	906	\N
3668	28	2285	\N
3669	28	2198	\N
3670	28	1979	\N
3671	28	2848	\N
3672	28	2753	\N
3673	321	2403	\N
3674	200	2638	\N
3675	89	3846	\N
3676	59	399	\N
3677	229	3650	\N
3678	229	3721	\N
3679	28	1818	\N
3680	28	2284	\N
3681	55	803	\N
3682	56	806	\N
3683	54	1636	\N
3684	28	687	\N
3685	28	538	\N
3686	83	284	\N
3687	220	3160	\N
3688	50	1164	\N
3689	118	3779	\N
3690	135	1901	\N
3691	135	2644	\N
3692	89	2737	\N
3693	28	685	\N
3694	28	905	\N
3695	28	769	\N
3696	291	1467	\N
3697	91	808	\N
3698	321	1381	\N
3699	321	1191	\N
3700	54	2605	\N
3701	135	2090	\N
3702	135	2091	\N
3703	321	1183	\N
3704	321	1189	\N
3705	321	3144	\N
3706	321	1518	\N
3707	321	1531	\N
3708	321	1958	\N
3709	54	635	\N
3710	54	632	\N
3711	28	771	\N
3712	54	2309	\N
3713	321	1959	\N
3714	321	1721	\N
3715	321	1739	\N
3716	126	971	\N
3717	321	2040	\N
3718	28	768	\N
3719	321	2391	\N
3720	321	1515	\N
3721	321	1516	\N
3722	321	1742	\N
3723	118	3782	\N
3724	56	1113	\N
3725	76	1545	\N
3726	41	641	\N
3727	135	2095	\N
3728	135	1153	\N
3729	54	1454	\N
3730	54	2594	\N
3731	373	3075	\N
3732	321	1509	\N
3733	321	1510	\N
3734	321	1960	\N
3735	54	2312	\N
3736	118	3781	\N
3737	373	3892	\N
3738	135	2092	\N
3739	135	2089	\N
3740	135	2094	\N
3741	89	1294	\N
3742	135	2368	\N
3743	321	3681	\N
3744	89	3552	\N
3745	321	2667	\N
3746	119	1428	\N
3747	123	294	\N
3748	321	862	\N
3749	321	866	\N
3750	54	350	\N
3751	321	1533	\N
3752	28	691	\N
3753	266	2720	\N
3754	419	2898	\N
3755	321	2813	\N
3756	321	3828	\N
3757	89	2263	\N
3758	126	797	\N
3759	321	361	\N
3760	321	365	\N
3761	321	1046	\N
3762	321	1053	\N
3763	321	871	\N
3764	321	377	\N
3765	321	382	\N
3766	321	414	\N
3767	321	1218	\N
3768	213	3622	\N
3769	50	2649	\N
3770	300	2023	\N
3771	83	2290	\N
3772	40	3063	\N
3773	384	3307	\N
3774	118	3784	\N
3775	54	2049	\N
3776	211	2856	\N
3777	169	2503	\N
3778	83	341	\N
3779	118	3780	\N
3780	321	2675	\N
3781	321	2392	\N
3782	28	2755	\N
3783	91	3096	\N
3784	119	1432	\N
3785	135	469	\N
3786	43	3209	\N
3787	321	2863	\N
3788	107	3693	\N
3789	400	2553	\N
3790	43	3358	\N
3791	244	2771	\N
3792	50	2651	\N
3793	244	2770	\N
3794	118	2388	\N
3795	119	2527	\N
3796	169	3578	\N
3797	169	3631	\N
3798	135	3753	\N
3799	83	619	\N
3800	341	3882	\N
3801	315	3843	\N
3802	258	3091	\N
3803	89	3848	\N
3804	258	2542	\N
3805	107	2999	\N
3806	321	3522	\N
3807	321	1048	\N
3808	321	3259	\N
3809	43	1494	\N
3810	258	1606	\N
3811	258	2035	\N
3812	292	3060	\N
3813	135	1899	\N
3814	119	1434	\N
3815	118	1356	\N
3816	83	1408	\N
3817	376	1664	\N
3818	119	2244	\N
3819	118	1450	\N
3820	119	1453	\N
3821	28	2849	\N
3822	28	3027	\N
3823	419	991	\N
3824	135	816	\N
3825	135	2100	\N
3826	135	1490	\N
3827	89	587	\N
3828	28	2851	\N
3829	28	3032	\N
3830	212	3711	\N
3831	422	1830	\N
3832	107	3936	\N
3833	119	1631	\N
3834	119	1633	\N
3835	419	3718	\N
3836	66	986	\N
3837	422	1831	\N
3838	419	2063	\N
3839	20	2855	\N
3840	64	508	\N
3841	64	509	\N
3842	20	2774	\N
3843	384	3055	\N
3844	119	732	\N
3845	28	392	\N
3846	28	340	\N
3847	28	437	\N
3848	321	573	\N
3849	321	268	\N
3850	321	250	\N
3851	321	252	\N
3852	321	257	\N
3853	321	254	\N
3854	321	253	\N
3855	321	251	\N
3856	321	249	\N
3857	321	256	\N
3858	281	3294	\N
3859	220	3402	\N
3860	422	1983	\N
3861	83	2566	\N
3862	107	3535	\N
3863	420	3324	\N
3864	43	1623	\N
3865	40	3581	\N
3866	83	396	\N
3867	83	726	\N
3868	119	3333	\N
3869	321	674	\N
3870	321	2676	\N
3871	229	3720	\N
3872	417	1823	\N
3873	428	1321	\N
3874	40	792	\N
3875	40	793	\N
3876	229	2798	\N
3877	19	3625	\N
3878	258	3346	\N
3879	89	2841	\N
3880	169	3308	\N
3881	83	708	\N
3882	40	2289	\N
3883	321	662	\N
3884	321	665	\N
3885	229	3911	\N
3886	422	1982	\N
3887	212	3709	\N
3888	28	1756	\N
3889	59	3636	\N
3890	50	272	\N
3891	21	2590	\N
3892	258	3132	\N
3893	135	843	\N
3894	376	2933	\N
3895	135	2568	\N
3896	135	2569	\N
3897	118	3778	\N
3898	89	3378	\N
3899	258	1600	\N
3900	89	3656	\N
3901	107	3696	\N
3902	422	2485	\N
3903	40	1446	\N
3904	169	3310	\N
3905	376	1654	\N
3906	258	1627	\N
3907	107	3534	\N
3908	169	3894	\N
3909	107	2722	\N
3910	376	2075	\N
3911	169	3309	\N
3912	384	3893	\N
3913	376	3727	\N
3914	376	1608	\N
3915	376	2272	\N
3916	83	3074	\N
3917	376	2346	\N
3918	20	521	\N
3919	107	3969	\N
3920	376	3370	\N
3921	107	2994	\N
3922	89	3957	\N
3923	64	1971	\N
3924	83	1586	\N
3925	376	3188	\N
3926	21	2109	\N
3927	43	3210	\N
3928	258	3343	\N
3929	376	3430	\N
3930	376	2338	\N
3931	376	1442	\N
3932	59	1626	\N
3933	43	3129	\N
3934	158	1402	\N
3935	321	3509	\N
3936	258	3094	\N
3937	139	1397	\N
3938	139	824	\N
3939	33	715	\N
3940	33	716	\N
3941	419	2910	\N
3942	123	1842	\N
3943	258	3616	\N
3944	129	3067	\N
3945	321	860	\N
3946	321	864	\N
3947	321	401	\N
3948	321	376	\N
3949	321	381	\N
3950	321	958	\N
3951	321	1216	\N
3952	158	398	\N
3953	158	520	\N
3954	89	3022	\N
3955	89	3013	\N
3956	119	1430	\N
3957	123	1315	\N
3958	28	2743	\N
3959	28	1120	\N
3960	119	2243	\N
3961	119	804	\N
3962	119	612	\N
3963	119	713	\N
3964	119	974	\N
3965	54	2604	\N
3966	119	3145	\N
3967	54	2313	\N
3968	118	1499	\N
3969	119	1593	\N
3970	59	818	\N
3971	59	836	\N
3972	119	942	\N
3973	119	823	\N
3974	89	2560	\N
3975	119	3599	\N
3976	89	2732	\N
3977	119	1595	\N
3978	376	2928	\N
3979	384	2216	\N
3980	54	547	\N
3981	54	631	\N
3982	54	633	\N
3983	376	3432	\N
3984	29	599	\N
3985	29	1249	\N
3986	355	3203	\N
3987	123	544	\N
3988	229	1858	\N
3989	190	1920	\N
3990	190	1692	\N
3991	107	1072	\N
3992	376	3740	\N
3993	28	511	\N
3994	244	2495	\N
3995	155	1576	\N
3996	123	293	\N
3997	89	1816	\N
3998	312	3076	\N
3999	50	1019	\N
4000	28	3117	\N
4001	158	2219	\N
4002	54	550	\N
4003	118	3483	\N
4004	19	2261	\N
4005	64	2471	\N
4006	123	543	\N
4007	428	327	\N
4008	115	2647	\N
4009	50	2756	\N
4010	130	351	\N
4011	158	1773	\N
4012	54	3901	\N
4013	428	463	\N
4014	49	1008	\N
4015	50	1018	\N
4016	43	2572	\N
4017	376	2628	\N
4018	228	1966	\N
4019	163	2108	\N
4020	119	1286	\N
4021	85	741	\N
4022	119	1101	\N
4023	118	1030	\N
4024	118	2117	\N
4025	54	830	\N
4026	50	846	\N
4027	158	1579	\N
4028	50	2101	\N
4029	211	1123	\N
4030	64	2728	\N
4031	89	1975	\N
4032	28	1618	\N
4033	43	1624	\N
4034	419	1457	\N
4035	28	2852	\N
4036	119	318	\N
4037	107	1232	\N
4038	163	1682	\N
4039	428	323	\N
4040	428	325	\N
4041	428	356	\N
4042	28	3644	\N
4043	28	3283	\N
4044	89	3852	\N
4045	89	1974	\N
4046	89	3016	\N
4047	118	3487	\N
4048	89	3850	\N
4049	158	1577	\N
4050	89	2196	\N
4051	89	2735	\N
4052	118	2537	\N
4053	28	592	\N
4054	118	1696	\N
4055	119	1799	\N
4056	376	1330	\N
4057	118	1178	\N
4058	296	2911	\N
4059	115	1237	\N
4060	64	1247	\N
4061	50	1026	\N
4062	118	1032	\N
4063	123	3708	\N
4064	258	2530	\N
4065	236	1877	\N
4066	236	1878	\N
4067	252	2215	\N
4068	54	270	\N
4069	123	1639	\N
4070	384	3053	\N
4071	419	2060	\N
4072	28	684	\N
4073	56	1276	\N
4074	28	347	\N
4075	50	1021	\N
4076	28	1619	\N
4077	376	2922	\N
4078	266	2463	\N
4079	89	3116	\N
4080	89	2192	\N
4081	198	1910	\N
4082	50	255	\N
4083	54	3163	\N
4084	50	3199	\N
4085	306	3303	\N
4086	50	1167	\N
4087	89	1547	\N
4088	43	1912	\N
4089	376	2927	\N
4090	50	1025	\N
4091	28	1817	\N
4092	119	1284	\N
4093	376	3185	\N
4094	281	3566	\N
4095	89	3551	\N
4096	135	3752	\N
4097	43	2383	\N
4098	43	2659	\N
4099	64	3545	\N
4100	50	1907	\N
4101	188	3741	\N
4102	376	3436	\N
4103	43	2658	\N
4104	28	775	\N
4105	376	2629	\N
4106	36	780	\N
4107	376	1327	\N
4108	64	3845	\N
4109	428	1851	\N
4110	107	3271	\N
4111	50	852	\N
4112	54	3713	\N
4113	244	3754	\N
4114	50	3866	\N
4115	28	2748	\N
4116	28	3559	\N
4117	28	2199	\N
4118	107	3540	\N
4119	54	3164	\N
4120	220	2046	\N
4121	428	1465	\N
4122	222	2242	\N
4123	19	2255	\N
4124	89	1239	\N
4125	213	3351	\N
4126	428	995	\N
4127	376	2071	\N
4128	89	1117	\N
4129	82	1088	\N
4130	83	1089	\N
4131	83	799	\N
4132	376	1655	\N
4133	278	2940	\N
4134	118	1314	\N
4135	50	2945	\N
4136	139	302	\N
4137	123	2036	\N
4138	376	3182	\N
4139	439	1580	\N
4140	252	2499	\N
4141	54	990	\N
4142	50	1020	\N
4143	240	2512	\N
4144	50	1165	\N
4145	225	1395	\N
4146	384	1992	\N
4147	43	1495	\N
4148	129	3591	\N
4149	355	3202	\N
4150	119	1791	\N
4151	89	1615	\N
4152	123	2593	\N
4153	229	2070	\N
4154	198	1668	\N
4155	198	1684	\N
4156	200	1883	\N
4157	200	1909	\N
4158	168	1694	\N
4159	115	1166	\N
4160	64	1233	\N
4161	50	1248	\N
4162	225	2206	\N
4163	33	533	\N
4164	33	532	\N
4165	43	1685	\N
4166	54	1455	\N
4167	376	2340	\N
4168	229	1859	\N
4169	61	1144	\N
4170	61	1485	\N
4171	28	690	\N
4172	228	2182	\N
4173	61	1001	\N
4174	428	1461	\N
4175	428	1323	\N
4176	89	2283	\N
4177	145	1349	\N
4178	61	1143	\N
4179	50	271	\N
4180	253	2517	\N
4181	40	522	\N
4182	252	2501	\N
4183	56	800	\N
4184	76	1546	\N
4185	54	2610	\N
4186	107	2998	\N
4187	300	3113	\N
4188	89	1978	\N
4189	107	3411	\N
4190	89	3012	\N
4191	19	2067	\N
4192	231	2252	\N
4193	50	276	\N
4194	158	1083	\N
4195	40	925	\N
4196	54	321	\N
4197	428	2069	\N
4198	107	3147	\N
4199	28	1555	\N
4200	28	315	\N
4201	123	984	\N
4202	258	3085	\N
4203	28	1560	\N
4204	119	805	\N
4205	89	1973	\N
4206	123	1134	\N
4207	56	938	\N
4208	169	2222	\N
4209	211	2768	\N
4210	43	1689	\N
4211	89	1077	\N
4212	281	3860	\N
4213	281	3567	\N
4214	118	2538	\N
4215	376	1808	\N
4216	376	1660	\N
4217	169	3057	\N
4218	19	3668	\N
4219	244	3867	\N
4220	213	3889	\N
4221	28	689	\N
4222	225	2487	\N
4223	258	3608	\N
4224	258	2862	\N
4225	21	2876	\N
4226	33	717	\N
4227	321	653	\N
4228	321	2867	\N
4229	384	3305	\N
4230	107	2879	\N
4231	107	2993	\N
4232	43	3775	\N
4233	266	2721	\N
4234	19	3037	\N
4235	281	3098	\N
4236	321	3932	\N
4237	123	542	\N
4238	321	2440	\N
4239	321	2441	\N
4240	321	2132	\N
4241	321	2170	\N
4242	321	2177	\N
4243	28	2286	\N
4244	321	2584	\N
4245	20	921	\N
4246	119	945	\N
4247	376	2085	\N
4248	19	3099	\N
4249	83	607	\N
4250	376	1863	\N
4251	242	3213	\N
4252	419	459	\N
4253	376	3723	\N
4254	43	1690	\N
4255	43	1687	\N
4256	376	1333	\N
4257	376	1325	\N
4258	19	2258	\N
4259	19	2288	\N
4260	36	779	\N
4261	376	1869	\N
4262	300	2836	\N
4263	43	1351	\N
4264	229	2333	\N
4265	229	3428	\N
4266	28	438	\N
4267	28	3663	\N
4268	384	3923	\N
4269	129	2234	\N
4270	28	1755	\N
4271	321	1700	\N
4272	19	2257	\N
4273	28	2846	\N
4274	256	2387	\N
4275	118	2389	\N
4276	321	2460	\N
4277	321	3830	\N
4278	89	588	\N
4279	123	545	\N
4280	89	436	\N
4281	321	1214	\N
4282	28	2847	\N
4283	89	1078	\N
4284	376	2347	\N
4285	54	738	\N
4286	28	2752	\N
4287	135	2367	\N
4288	118	1922	\N
4289	321	3833	\N
4290	118	3489	\N
4291	28	2027	\N
4292	321	3224	\N
4293	321	3143	\N
4294	321	3247	\N
4295	321	3255	\N
4296	321	955	\N
4297	135	1343	\N
4298	321	2135	\N
4299	281	3295	\N
4300	258	3347	\N
4301	56	1277	\N
4302	321	1382	\N
4303	321	3258	\N
4304	135	3454	\N
4305	135	3455	\N
4306	135	2944	\N
4307	135	2366	\N
4308	135	3194	\N
4309	135	3751	\N
4310	56	1279	\N
4311	321	3806	\N
4312	89	2026	\N
4313	321	2401	\N
4314	321	2453	\N
4315	59	466	\N
4316	28	777	\N
4317	422	1985	\N
4318	321	870	\N
4319	321	1217	\N
4320	135	1889	\N
4321	135	1152	\N
4322	158	1259	\N
4323	321	481	\N
4324	321	482	\N
4325	321	413	\N
4326	258	3613	\N
4327	119	3079	\N
4328	19	1105	\N
4329	300	2837	\N
4330	107	2044	\N
4331	59	3399	\N
4332	28	1246	\N
4333	228	1964	\N
4334	107	3148	\N
4335	321	3796	\N
4336	376	2926	\N
4337	59	3104	\N
4338	321	762	\N
4339	158	603	\N
4340	107	3968	\N
4341	107	3536	\N
4342	365	2956	\N
4343	89	2264	\N
4344	107	1437	\N
4345	28	1980	\N
4346	76	972	\N
4347	321	3792	\N
4348	119	528	\N
4349	119	531	\N
4350	89	2191	\N
4351	258	3885	\N
4352	119	1789	\N
4353	135	2645	\N
4354	135	2854	\N
4355	135	1337	\N
4356	135	2639	\N
4357	376	3438	\N
4358	321	1522	\N
4359	321	1523	\N
4360	28	3384	\N
4361	321	2672	\N
4362	321	2145	\N
4363	321	3404	\N
4364	89	3355	\N
4365	28	1553	\N
4366	28	1554	\N
4367	40	3875	\N
4368	40	2778	\N
4369	40	2509	\N
4370	158	1996	\N
4371	40	950	\N
4372	129	1779	\N
4373	129	1780	\N
4374	126	731	\N
4375	171	2034	\N
4376	28	1390	\N
4377	33	622	\N
4378	321	3931	\N
4379	53	696	\N
4380	244	3697	\N
4381	50	3707	\N
4382	243	1543	\N
4383	89	3549	\N
4384	158	1771	\N
4385	301	2884	\N
4386	376	3433	\N
4387	50	3200	\N
4388	50	3757	\N
4389	222	1786	\N
4390	28	692	\N
4391	189	2305	\N
4392	50	2380	\N
4393	50	2379	\N
4394	129	2233	\N
4395	119	943	\N
4396	129	1263	\N
4397	292	2773	\N
4398	145	1493	\N
4399	64	1170	\N
4400	50	1236	\N
4401	50	623	\N
4402	123	982	\N
4403	119	1100	\N
4404	119	1309	\N
4405	50	1312	\N
4406	300	2834	\N
4407	123	2304	\N
4408	119	944	\N
4409	135	964	\N
4410	40	2226	\N
4411	321	1362	\N
4412	321	1519	\N
\.


